name,original_psnr,DTA_v34_v34_fdf_tsr_e4_plus_film_seed3407_f1_quick5full_fallback_train_invert_psnr,delta_psnr,original_ssim,DTA_v34_v34_fdf_tsr_e4_plus_film_seed3407_f1_quick5full_fallback_train_invert_ssim,delta_ssim,original_time_sec,DTA_v34_v34_fdf_tsr_e4_plus_film_seed3407_f1_quick5full_fallback_train_invert_time_sec,original_airlight_mode,original_depth_source_name,original_same_image_depth,original_input_brightness_mean,original_input_texture_mean,original_depth_mean,original_depth_std,original_airlight_fallback_mean,original_dta_stage2_gate_mean,original_dta_stage2_gate_max,original_dta_stage2_conf_mean,original_dta_stage2_conf_min,original_dta_stage2_gamma_abs_mean,original_dta_stage2_beta_abs_mean,original_dta_stage2_delta_abs_mean,original_dta_stage3_gate_mean,original_dta_stage3_gate_max,original_dta_stage3_conf_mean,original_dta_stage3_conf_min,original_dta_stage3_gamma_abs_mean,original_dta_stage3_beta_abs_mean,original_dta_stage3_delta_abs_mean,original_dta_t_pred_mean,original_dta_t_pred_std,original_dta_t_uncertainty_mean,original_dta_t_uncertainty_std,original_dta_stage2_feature_gate_mean,original_dta_stage2_feature_gate_max,original_dta_stage2_feature_delta_abs_mean,original_dta_stage3_feature_gate_mean,original_dta_stage3_feature_gate_max,original_dta_stage3_feature_delta_abs_mean,original_dta_final_feature_gate_mean,original_dta_final_feature_gate_max,original_dta_final_feature_delta_abs_mean,original_dta_r0_delta_abs_mean,original_dta_safe_gate_mean,original_dta_safe_gate_max,original_dta_safe_gate_coverage_gt_001,original_dta_safe_raw_gate_mean,original_dta_safe_image_router_mean,original_dta_safe_patch_router_mean,original_dta_safe_patch_router_max,original_dta_safe_learned_delta_abs_mean,original_dta_safe_mixed_delta_abs_mean,original_dta_safe_t_uncertainty_mean,original_dta_depth_mask_mean,original_dta_depth_mask_max,original_dta_depth_delta_abs_mean,original_dta_j_phys_delta_abs_mean,DTA_v34_v34_fdf_tsr_e4_plus_film_seed3407_f1_quick5full_fallback_train_invert_airlight_mode,DTA_v34_v34_fdf_tsr_e4_plus_film_seed3407_f1_quick5full_fallback_train_invert_depth_source_name,DTA_v34_v34_fdf_tsr_e4_plus_film_seed3407_f1_quick5full_fallback_train_invert_same_image_depth,DTA_v34_v34_fdf_tsr_e4_plus_film_seed3407_f1_quick5full_fallback_train_invert_input_brightness_mean,DTA_v34_v34_fdf_tsr_e4_plus_film_seed3407_f1_quick5full_fallback_train_invert_input_texture_mean,DTA_v34_v34_fdf_tsr_e4_plus_film_seed3407_f1_quick5full_fallback_train_invert_depth_mean,DTA_v34_v34_fdf_tsr_e4_plus_film_seed3407_f1_quick5full_fallback_train_invert_depth_std,DTA_v34_v34_fdf_tsr_e4_plus_film_seed3407_f1_quick5full_fallback_train_invert_airlight_fallback_mean,DTA_v34_v34_fdf_tsr_e4_plus_film_seed3407_f1_quick5full_fallback_train_invert_dta_stage2_gate_mean,DTA_v34_v34_fdf_tsr_e4_plus_film_seed3407_f1_quick5full_fallback_train_invert_dta_stage2_gate_max,DTA_v34_v34_fdf_tsr_e4_plus_film_seed3407_f1_quick5full_fallback_train_invert_dta_stage2_conf_mean,DTA_v34_v34_fdf_tsr_e4_plus_film_seed3407_f1_quick5full_fallback_train_invert_dta_stage2_conf_min,DTA_v34_v34_fdf_tsr_e4_plus_film_seed3407_f1_quick5full_fallback_train_invert_dta_stage2_gamma_abs_mean,DTA_v34_v34_fdf_tsr_e4_plus_film_seed3407_f1_quick5full_fallback_train_invert_dta_stage2_beta_abs_mean,DTA_v34_v34_fdf_tsr_e4_plus_film_seed3407_f1_quick5full_fallback_train_invert_dta_stage2_delta_abs_mean,DTA_v34_v34_fdf_tsr_e4_plus_film_seed3407_f1_quick5full_fallback_train_invert_dta_stage3_gate_mean,DTA_v34_v34_fdf_tsr_e4_plus_film_seed3407_f1_quick5full_fallback_train_invert_dta_stage3_gate_max,DTA_v34_v34_fdf_tsr_e4_plus_film_seed3407_f1_quick5full_fallback_train_invert_dta_stage3_conf_mean,DTA_v34_v34_fdf_tsr_e4_plus_film_seed3407_f1_quick5full_fallback_train_invert_dta_stage3_conf_min,DTA_v34_v34_fdf_tsr_e4_plus_film_seed3407_f1_quick5full_fallback_train_invert_dta_stage3_gamma_abs_mean,DTA_v34_v34_fdf_tsr_e4_plus_film_seed3407_f1_quick5full_fallback_train_invert_dta_stage3_beta_abs_mean,DTA_v34_v34_fdf_tsr_e4_plus_film_seed3407_f1_quick5full_fallback_train_invert_dta_stage3_delta_abs_mean,DTA_v34_v34_fdf_tsr_e4_plus_film_seed3407_f1_quick5full_fallback_train_invert_dta_t_pred_mean,DTA_v34_v34_fdf_tsr_e4_plus_film_seed3407_f1_quick5full_fallback_train_invert_dta_t_pred_std,DTA_v34_v34_fdf_tsr_e4_plus_film_seed3407_f1_quick5full_fallback_train_invert_dta_t_uncertainty_mean,DTA_v34_v34_fdf_tsr_e4_plus_film_seed3407_f1_quick5full_fallback_train_invert_dta_t_uncertainty_std,DTA_v34_v34_fdf_tsr_e4_plus_film_seed3407_f1_quick5full_fallback_train_invert_dta_stage2_feature_gate_mean,DTA_v34_v34_fdf_tsr_e4_plus_film_seed3407_f1_quick5full_fallback_train_invert_dta_stage2_feature_gate_max,DTA_v34_v34_fdf_tsr_e4_plus_film_seed3407_f1_quick5full_fallback_train_invert_dta_stage2_feature_delta_abs_mean,DTA_v34_v34_fdf_tsr_e4_plus_film_seed3407_f1_quick5full_fallback_train_invert_dta_stage3_feature_gate_mean,DTA_v34_v34_fdf_tsr_e4_plus_film_seed3407_f1_quick5full_fallback_train_invert_dta_stage3_feature_gate_max,DTA_v34_v34_fdf_tsr_e4_plus_film_seed3407_f1_quick5full_fallback_train_invert_dta_stage3_feature_delta_abs_mean,DTA_v34_v34_fdf_tsr_e4_plus_film_seed3407_f1_quick5full_fallback_train_invert_dta_final_feature_gate_mean,DTA_v34_v34_fdf_tsr_e4_plus_film_seed3407_f1_quick5full_fallback_train_invert_dta_final_feature_gate_max,DTA_v34_v34_fdf_tsr_e4_plus_film_seed3407_f1_quick5full_fallback_train_invert_dta_final_feature_delta_abs_mean,DTA_v34_v34_fdf_tsr_e4_plus_film_seed3407_f1_quick5full_fallback_train_invert_dta_r0_delta_abs_mean,DTA_v34_v34_fdf_tsr_e4_plus_film_seed3407_f1_quick5full_fallback_train_invert_dta_safe_gate_mean,DTA_v34_v34_fdf_tsr_e4_plus_film_seed3407_f1_quick5full_fallback_train_invert_dta_safe_gate_max,DTA_v34_v34_fdf_tsr_e4_plus_film_seed3407_f1_quick5full_fallback_train_invert_dta_safe_gate_coverage_gt_001,DTA_v34_v34_fdf_tsr_e4_plus_film_seed3407_f1_quick5full_fallback_train_invert_dta_safe_raw_gate_mean,DTA_v34_v34_fdf_tsr_e4_plus_film_seed3407_f1_quick5full_fallback_train_invert_dta_safe_image_router_mean,DTA_v34_v34_fdf_tsr_e4_plus_film_seed3407_f1_quick5full_fallback_train_invert_dta_safe_patch_router_mean,DTA_v34_v34_fdf_tsr_e4_plus_film_seed3407_f1_quick5full_fallback_train_invert_dta_safe_patch_router_max,DTA_v34_v34_fdf_tsr_e4_plus_film_seed3407_f1_quick5full_fallback_train_invert_dta_safe_learned_delta_abs_mean,DTA_v34_v34_fdf_tsr_e4_plus_film_seed3407_f1_quick5full_fallback_train_invert_dta_safe_mixed_delta_abs_mean,DTA_v34_v34_fdf_tsr_e4_plus_film_seed3407_f1_quick5full_fallback_train_invert_dta_safe_t_uncertainty_mean,DTA_v34_v34_fdf_tsr_e4_plus_film_seed3407_f1_quick5full_fallback_train_invert_dta_depth_mask_mean,DTA_v34_v34_fdf_tsr_e4_plus_film_seed3407_f1_quick5full_fallback_train_invert_dta_depth_mask_max,DTA_v34_v34_fdf_tsr_e4_plus_film_seed3407_f1_quick5full_fallback_train_invert_dta_depth_delta_abs_mean,DTA_v34_v34_fdf_tsr_e4_plus_film_seed3407_f1_quick5full_fallback_train_invert_dta_j_phys_delta_abs_mean
1004_0.91_1.17.png,37.05818557739258,37.46435546875,0.4061698913574219,0.9885188937187195,0.988491415977478,-2.7477741241455078e-05,0.34260988235473633,0.1042792797088623,none,,False,0.6719568967819214,0.007879137992858887,,,0.9973856806755066,,,,,,,,,,,,,,,,,,,,,,,,,,,,,,,,,,,,,,,,,,,fallback,1004_0.91_1.17.png,True,0.6719568967819214,0.007879137992858887,0.9984909892082214,1.1044549942016602,0.9973856806755066,0.5016570091247559,0.5481237173080444,0.5223888158798218,0.16929011046886444,0.003650889964774251,0.012075328268110752,0.006456408184021711,0.4366148114204407,0.48417219519615173,0.45799800753593445,0.16134175658226013,0.0013423350173979998,0.0010391121031716466,0.00047634687507525086,0.3343190848827362,0.21196617186069489,0.24266201257705688,0.052335165441036224,0.9540963172912598,0.9585573077201843,0.010336549021303654,0.9546313881874084,0.9555805921554565,0.0032087424769997597,0.9520619511604309,0.9522408843040466,0.001410293160006404,0.0,0.0010087291011586785,0.061358287930488586,0.003241725265979767,0.01929132267832756,0.9501623511314392,0.06505102664232254,0.20700852572917938,5.19640821039502e-07,5.19640821039502e-07,0.2424975335597992,0.0010087291011586785,0.061358287930488586,8.138287266312716e-10,0.024068232625722885
1009_0.84_0.56.png,44.44461441040039,44.76787185668945,0.3232574462890625,0.9890791773796082,0.9898149371147156,0.0007357597351074219,0.018768787384033203,0.02559208869934082,none,,False,0.3237798511981964,0.03902796655893326,,,0.9973856806755066,,,,,,,,,,,,,,,,,,,,,,,,,,,,,,,,,,,,,,,,,,,fallback,1009_0.84_0.56.png,True,0.3237798511981964,0.03902796655893326,1.9830414056777954,2.154165506362915,0.9973856806755066,0.5067532658576965,0.5572694540023804,0.5279321670532227,0.16651466488838196,0.004853729624301195,0.01673557423055172,0.008939520455896854,0.4502856135368347,0.4850517511367798,0.4723052978515625,0.15773701667785645,0.0015460067661479115,0.0014438730431720614,0.0006847530021332204,0.49189984798431396,0.20333370566368103,0.18902580440044403,0.051309287548065186,0.9535769820213318,0.9598981142044067,0.012999411672353745,0.9545580744743347,0.955677330493927,0.004020124673843384,0.9520554542541504,0.9522148370742798,0.0016134522156789899,0.0,0.002572152763605118,0.11918220669031143,0.014717779122292995,0.027788983657956123,0.950394868850708,0.10400693118572235,0.2628292739391327,8.006570055840712e-07,8.006570055840712e-07,0.1887095868587494,0.002572152763605118,0.11918220669031143,3.1833531366487477e-09,0.02335086092352867
100_0.65_1.43.png,36.16236114501953,36.7660026550293,0.6036415100097656,0.9961919188499451,0.9963459968566895,0.00015407800674438477,0.018451452255249023,0.02489471435546875,none,,False,0.5562600493431091,0.01628960482776165,,,0.9908496737480164,,,,,,,,,,,,,,,,,,,,,,,,,,,,,,,,,,,,,,,,,,,fallback,100_0.65_1.43.png,True,0.5562600493431091,0.01628960482776165,1.6590827703475952,2.2100517749786377,0.9908496737480164,0.5203828811645508,0.5555074214935303,0.5410715341567993,0.16690927743911743,0.004198253154754639,0.015194859355688095,0.0082485880702734,0.44873589277267456,0.484603613615036,0.47074246406555176,0.15827739238739014,0.0013530543074011803,0.0010568425059318542,0.0004907693946734071,0.25197646021842957,0.2611234188079834,0.321504145860672,0.08261927962303162,0.9536184668540955,0.9600805640220642,0.013286489062011242,0.9545766711235046,0.9556479454040527,0.0035691121593117714,0.9520686268806458,0.9522829055786133,0.0014773227740079165,0.0,0.0008642708999104798,0.058094002306461334,0.0034670857712626457,0.018048908561468124,0.9501221776008606,0.061247605830430984,0.21960918605327606,9.648263130657142e-07,9.648263130657142e-07,0.32136040925979614,0.0008642708999104798,0.058094002306461334,1.1387082388125691e-09,0.024979496374726295
1011_0.79_0.66.png,43.748023986816406,44.029544830322266,0.2815208435058594,0.9900351762771606,0.9905320405960083,0.0004968643188476562,0.01816272735595703,0.03794980049133301,none,,False,0.3375612795352936,0.037736501544713974,,,0.9960784912109375,,,,,,,,,,,,,,,,,,,,,,,,,,,,,,,,,,,,,,,,,,,fallback,1011_0.79_0.66.png,True,0.3375612795352936,0.037736501544713974,1.968472957611084,2.123878240585327,0.9960784912109375,0.5065122842788696,0.557267963886261,0.5277010202407837,0.16651462018489838,0.004857439547777176,0.016731956973671913,0.008923475630581379,0.45031827688217163,0.4849856495857239,0.4723385274410248,0.15773697197437286,0.0015485608018934727,0.0014488720335066319,0.0006869484786875546,0.4750857353210449,0.2111787348985672,0.1936505138874054,0.05262662470340729,0.9535192847251892,0.9598130583763123,0.012728364206850529,0.954541027545929,0.955659806728363,0.003979627508670092,0.9520556330680847,0.9522149562835693,0.0016221958212554455,0.0,0.0024606678634881973,0.1158810630440712,0.015006703324615955,0.02707912027835846,0.9503739476203918,0.1004582941532135,0.2632487416267395,8.174314984898956e-07,8.174314984898956e-07,0.19334377348423004,0.0024606678634881973,0.1158810630440712,3.092995637388185e-09,0.023462124168872833
1015_0.7_1.92.png,39.555458068847656,39.40281677246094,-0.15264129638671875,0.9959127306938171,0.9958950877189636,-1.7642974853515625e-05,0.017950773239135742,0.02463841438293457,none,,False,0.6289680004119873,0.011294998228549957,,,0.9960784316062927,,,,,,,,,,,,,,,,,,,,,,,,,,,,,,,,,,,,,,,,,,,fallback,1015_0.7_1.92.png,True,0.6289680004119873,0.011294998228549957,2.9495012760162354,2.6619598865509033,0.9960784316062927,0.5114507079124451,0.5569154024124146,0.5329009890556335,0.1685718595981598,0.004269297234714031,0.01375141367316246,0.007318403571844101,0.4584009349346161,0.48466095328330994,0.48081958293914795,0.15784794092178345,0.0014950601616874337,0.0013382622273638844,0.000642558909021318,0.25494664907455444,0.21978023648262024,0.28541624546051025,0.07098478823900223,0.9532982110977173,0.9584366083145142,0.010125819593667984,0.9544118046760559,0.9555110335350037,0.0036423432175070047,0.952058732509613,0.9522278904914856,0.0015827050665393472,0.0,0.0008923698333092034,0.07784820348024368,0.005113951396197081,0.016991019248962402,0.9500199556350708,0.053302742540836334,0.23636795580387115,9.285913051826356e-07,9.285913051826356e-07,0.28527238965034485,0.0008923698333092034,0.07784820348024368,1.4042061957653118e-09,0.024985188618302345
1018_0.88_0.54.png,38.61735534667969,38.35686111450195,-0.2604942321777344,0.9982046484947205,0.9981471300125122,-5.751848220825195e-05,0.018057823181152344,0.024628877639770508,none,,False,0.5742236375808716,0.010805903933942318,,,0.9490196108818054,,,,,,,,,,,,,,,,,,,,,,,,,,,,,,,,,,,,,,,,,,,fallback,1018_0.88_0.54.png,True,0.5742236375808716,0.010805903933942318,1.3075200319290161,1.7676517963409424,0.9490196108818054,0.5228152871131897,0.5553674101829529,0.5439039468765259,0.16694067418575287,0.004341601859778166,0.015452919527888298,0.008602702058851719,0.4588291645050049,0.4842289090156555,0.4813099801540375,0.15832194685935974,0.0014115498634055257,0.0011583993909880519,0.0005553700029850006,0.39932721853256226,0.28877726197242737,0.25913774967193604,0.08107522875070572,0.9545237421989441,0.9594119787216187,0.014045743271708488,0.9546706676483154,0.9561052322387695,0.0038252449594438076,0.9520619511604309,0.9522177577018738,0.0014799004420638084,0.0,0.001388492644764483,0.08295337855815887,0.008898853324353695,0.020550627261400223,0.9502469301223755,0.07677154242992401,0.26224324107170105,6.129793632680958e-07,6.129793632680958e-07,0.258976548910141,0.001388492644764483,0.08295337855815887,1.3628811412758068e-09,0.024610161781311035
1022_0.66_1.05.png,40.1223030090332,40.16738510131836,0.04508209228515625,0.9988119006156921,0.9988201856613159,8.285045623779297e-06,0.01808905601501465,0.0268557071685791,none,,False,0.6088358759880066,0.021292470395565033,,,0.9986928701400757,,,,,,,,,,,,,,,,,,,,,,,,,,,,,,,,,,,,,,,,,,,fallback,1022_0.66_1.05.png,True,0.6088358759880066,0.021292470395565033,1.4891988039016724,1.611387014389038,0.9986928701400757,0.5004339814186096,0.5493159294128418,0.5213340520858765,0.16890321671962738,0.003935876302421093,0.012825094163417816,0.006859991233795881,0.43731215596199036,0.48423996567726135,0.4587149918079376,0.16085779666900635,0.001404483220539987,0.0011710909893736243,0.0005375989130698144,0.4143829345703125,0.26157426834106445,0.25047123432159424,0.07580646872520447,0.9542036652565002,0.9602200388908386,0.01326959952712059,0.9546292424201965,0.9557759761810303,0.003757677972316742,0.952059268951416,0.952269971370697,0.0014322769129648805,0.0,0.0011312146671116352,0.06102871894836426,0.0037040032912045717,0.02075350470840931,0.9502964615821838,0.0751197412610054,0.1894955039024353,7.433588393723767e-07,7.433588393723767e-07,0.25017863512039185,0.0011312146671116352,0.06102871894836426,1.5842190892456642e-09,0.02449338510632515
1024_0.69_1.66.png,35.45882034301758,35.44245147705078,-0.016368865966796875,0.9968103170394897,0.9967576861381531,-5.263090133666992e-05,0.018027544021606445,0.024617433547973633,none,,False,0.6454203128814697,0.01809980347752571,,,1.0,,,,,,,,,,,,,,,,,,,,,,,,,,,,,,,,,,,,,,,,,,,fallback,1024_0.69_1.66.png,True,0.6454203128814697,0.01809980347752571,1.471343755722046,1.59306800365448,1.0,0.5007123947143555,0.5489212870597839,0.5216472148895264,0.16903157532215118,0.003926433622837067,0.012752956710755825,0.006775222718715668,0.4379868507385254,0.4842331111431122,0.45942145586013794,0.16101790964603424,0.0014061598340049386,0.001172398217022419,0.0005389192956499755,0.3487176299095154,0.2742021381855011,0.26782965660095215,0.08522812277078629,0.9539695978164673,0.9595502614974976,0.01226744707673788,0.9545787572860718,0.9557958245277405,0.00363784353248775,0.9520595073699951,0.952284038066864,0.0014481041580438614,0.0,0.0009631218272261322,0.060683783143758774,0.003594212234020233,0.01923544891178608,0.9502196907997131,0.06658674031496048,0.19842848181724548,8.296745477309742e-07,8.296745477309742e-07,0.26757562160491943,0.0009631218272261322,0.060683783143758774,1.6150052406516124e-09,0.024429209530353546
1033_0.52_1.2.png,34.247314453125,34.3834228515625,0.1361083984375,0.9937211871147156,0.9937124252319336,-8.761882781982422e-06,0.018097639083862305,0.02460193634033203,none,,False,0.5257393717765808,0.01360123697668314,,,0.9895424842834473,,,,,,,,,,,,,,,,,,,,,,,,,,,,,,,,,,,,,,,,,,,fallback,1033_0.52_1.2.png,True,0.5257393717765808,0.01360123697668314,1.2653741836547852,1.564237117767334,0.9895424842834473,0.5134624242782593,0.5522883534431458,0.5346125960350037,0.1676703691482544,0.004196744877845049,0.014296996407210827,0.007697200868278742,0.45321691036224365,0.4848717749118805,0.4754049479961395,0.1596514880657196,0.0014254304114729166,0.0011846271809190512,0.0005675296997651458,0.32671695947647095,0.2771954834461212,0.29863372445106506,0.10714849829673767,0.9538213014602661,0.958170473575592,0.013482000678777695,0.9546303153038025,0.9559351205825806,0.004314540419727564,0.952057421207428,0.9522124528884888,0.0014722857158631086,0.0,0.0014482359401881695,0.07288301736116409,0.008338341489434242,0.021487001329660416,0.9501723647117615,0.07706926763057709,0.255460262298584,8.029269338294398e-07,8.029269338294398e-07,0.29846662282943726,0.0014482359401881695,0.07288301736116409,1.7500382254453939e-09,0.024959713220596313
1045_0.58_1.58.png,32.2657356262207,32.30107879638672,0.035343170166015625,0.9799064993858337,0.9800444841384888,0.0001379847526550293,0.019284486770629883,0.024669647216796875,none,,False,0.5426076054573059,0.00974837876856327,,,1.0,,,,,,,,,,,,,,,,,,,,,,,,,,,,,,,,,,,,,,,,,,,fallback,1045_0.58_1.58.png,True,0.5426076054573059,0.00974837876856327,1.6700812578201294,1.8312840461730957,1.0,0.5041852593421936,0.5510203838348389,0.5252540111541748,0.17139631509780884,0.004231622442603111,0.014129254966974258,0.007469956297427416,0.44401392340660095,0.484069287776947,0.46573925018310547,0.16167576611042023,0.0014511717017740011,0.0012536015128716826,0.0005838321521878242,0.3174945116043091,0.2899363040924072,0.2864900231361389,0.08872776478528976,0.9534168243408203,0.9580401182174683,0.008996169082820415,0.9544675946235657,0.9553189277648926,0.0037925872020423412,0.9520607590675354,0.9523577690124512,0.0015330296009778976,0.0,0.0012674969621002674,0.05910233408212662,0.006073178723454475,0.020197605714201927,0.9501323103904724,0.06810710579156876,0.19985581934452057,7.141217679418332e-07,7.141217679418332e-07,0.2863246500492096,0.0012674969621002674,0.05910233408212662,1.509713465353002e-09,0.02473369427025318
1055_0.8_1.95.png,34.79117965698242,34.783016204833984,-0.0081634521484375,0.9558461904525757,0.9560407996177673,0.0001946091651916504,0.017999649047851562,0.02481818199157715,none,,False,0.6037057638168335,0.02043185383081436,,,0.9986928701400757,,,,,,,,,,,,,,,,,,,,,,,,,,,,,,,,,,,,,,,,,,,fallback,1055_0.8_1.95.png,True,0.6037057638168335,0.02043185383081436,0.7486422657966614,0.8213121891021729,0.9986928701400757,0.4790492057800293,0.5457932949066162,0.4990957975387573,0.1684206873178482,0.003514491720125079,0.011241897009313107,0.005661142058670521,0.4221697151660919,0.48393216729164124,0.44283899664878845,0.15591341257095337,0.0013310319045558572,0.0010413351701572537,0.00046757428208366036,0.3332621455192566,0.2253711074590683,0.2519773840904236,0.07698934525251389,0.9533281326293945,0.9588736295700073,0.009526378475129604,0.9545101523399353,0.9556359648704529,0.0029823509976267815,0.9520666599273682,0.9523709416389465,0.001433123485185206,0.0,0.0010562770767137408,0.05344436690211296,0.004911704920232296,0.02039341628551483,0.9501288533210754,0.06762563437223434,0.24625088274478912,9.641246379032964e-07,9.641246379032964e-07,0.2517719268798828,0.0010562770767137408,0.05344436690211296,1.2495974255344322e-09,0.02462850511074066
1057_0.96_1.31.png,39.974578857421875,39.934715270996094,-0.03986358642578125,0.9928960800170898,0.9932169318199158,0.00032085180282592773,0.017882823944091797,0.02477741241455078,none,,False,0.7436960935592651,0.010190263390541077,,,0.9934639930725098,,,,,,,,,,,,,,,,,,,,,,,,,,,,,,,,,,,,,,,,,,,fallback,1057_0.96_1.31.png,True,0.7436960935592651,0.010190263390541077,2.270895481109619,2.0322296619415283,0.9934639930725098,0.4978647828102112,0.5496574640274048,0.5193358063697815,0.16883666813373566,0.00424247607588768,0.013006739318370819,0.006840293295681477,0.4487397372722626,0.4844655692577362,0.4706600606441498,0.16077426075935364,0.0015345582505688071,0.0014284270582720637,0.0006746752187609673,0.2249971181154251,0.23376280069351196,0.2719677984714508,0.08548273891210556,0.9536332488059998,0.9585105180740356,0.011900688521564007,0.9545073509216309,0.9564597010612488,0.00402256241068244,0.9520534873008728,0.9523788094520569,0.001492996932938695,0.0,0.001092982362024486,0.029550204053521156,0.017913276329636574,0.018785176798701286,0.9500346183776855,0.056842297315597534,0.2651553153991699,7.727093702669663e-07,7.727093702669663e-07,0.27181631326675415,0.001092982362024486,0.029550204053521156,7.192103024245e-10,0.021919434890151024
1065_0.84_1.48.png,40.10741424560547,40.11399841308594,0.00658416748046875,0.9946082830429077,0.9947561025619507,0.00014781951904296875,0.018181324005126953,0.024664640426635742,none,,False,0.6533511877059937,0.007794735953211784,,,1.0,,,,,,,,,,,,,,,,,,,,,,,,,,,,,,,,,,,,,,,,,,,fallback,1065_0.84_1.48.png,True,0.6533511877059937,0.007794735953211784,2.515773057937622,3.4101369380950928,1.0,0.5221953988075256,0.5563154816627502,0.5432789921760559,0.16792947053909302,0.004543866030871868,0.01633375883102417,0.008858470246195793,0.4585972726345062,0.48422735929489136,0.48106226325035095,0.1580187827348709,0.0014423835091292858,0.00121962814591825,0.000582866370677948,0.23414857685565948,0.2353411465883255,0.2908685803413391,0.07701748609542847,0.9533959031105042,0.9572855234146118,0.012083396315574646,0.9545103311538696,0.9554973244667053,0.0040640621446073055,0.9520632028579712,0.9522072672843933,0.0016034989384934306,0.0,0.0008711944683454931,0.08413875102996826,0.009690504521131516,0.015742186456918716,0.9499542713165283,0.05011368915438652,0.26904475688934326,9.274144190385414e-07,9.274144190385414e-07,0.2907457649707794,0.0008711944683454931,0.08413875102996826,1.3512032603912871e-09,0.024974437430500984
1071_0.69_1.75.png,31.667739868164062,31.566858291625977,-0.10088157653808594,0.9838261604309082,0.9832034111022949,-0.0006227493286132812,0.018041372299194336,0.02443695068359375,none,,False,0.7208132743835449,0.008448355831205845,,,1.0,,,,,,,,,,,,,,,,,,,,,,,,,,,,,,,,,,,,,,,,,,,fallback,1071_0.69_1.75.png,True,0.7208132743835449,0.008448355831205845,1.0708622932434082,1.3064236640930176,1.0,0.5144639611244202,0.5519808530807495,0.5357029438018799,0.16983234882354736,0.004232924897223711,0.014333968982100487,0.007741032168269157,0.45642489194869995,0.48466935753822327,0.4787653684616089,0.15853174030780792,0.0014393822057172656,0.0012171795824542642,0.0005888639134354889,0.2533514201641083,0.26745542883872986,0.2532518208026886,0.07371325045824051,0.9536228775978088,0.9579441547393799,0.009984003379940987,0.9545371532440186,0.9556355476379395,0.003882607212290168,0.9520610570907593,0.9522226452827454,0.0015883516753092408,0.0,0.000975724367890507,0.09301603585481644,0.004495654720813036,0.015501230023801327,0.9500338435173035,0.051815930753946304,0.2386685013771057,7.611006367369555e-07,7.611006367369555e-07,0.25308847427368164,0.000975724367890507,0.09301603585481644,1.0664183980324538e-09,0.024759553372859955
1073_0.51_0.98.png,39.37763214111328,39.42977523803711,0.052143096923828125,0.9987430572509766,0.9987417459487915,-1.3113021850585938e-06,0.01818370819091797,0.024591445922851562,none,,False,0.48204848170280457,0.015740450471639633,,,0.9947712421417236,,,,,,,,,,,,,,,,,,,,,,,,,,,,,,,,,,,,,,,,,,,fallback,1073_0.51_0.98.png,True,0.48204848170280457,0.015740450471639633,1.5264971256256104,2.6472840309143066,0.9947712421417236,0.5302819609642029,0.5557884573936462,0.5511996150016785,0.16895538568496704,0.00470129307359457,0.01758076809346676,0.00974484533071518,0.4608684480190277,0.4845201373100281,0.4834648072719574,0.1581849604845047,0.0014207849744707346,0.0011792854638770223,0.0005658181034959853,0.42160728573799133,0.30462396144866943,0.2708470821380615,0.10039742290973663,0.9541361331939697,0.9608862400054932,0.013797983527183533,0.9547073841094971,0.9557086825370789,0.004629313480108976,0.9520665407180786,0.9522479176521301,0.0014960995176807046,0.0,0.0011319705517962575,0.05942254886031151,0.0054259891621768475,0.020144643262028694,0.950312077999115,0.07812292873859406,0.16900821030139923,9.415902582077251e-07,9.415902582077251e-07,0.27060845494270325,0.0011319705517962575,0.05942254886031151,2.0287751478775817e-09,0.024658305570483208
1077_0.94_0.84.png,40.861087799072266,41.007991790771484,0.14690399169921875,0.9972248077392578,0.9972132444381714,-1.1563301086425781e-05,0.018059253692626953,0.024546146392822266,none,,False,0.46024155616760254,0.03505846858024597,,,0.9908496737480164,,,,,,,,,,,,,,,,,,,,,,,,,,,,,,,,,,,,,,,,,,,fallback,1077_0.94_0.84.png,True,0.46024155616760254,0.03505846858024597,1.5949678421020508,1.1329467296600342,0.9908496737480164,0.47587481141090393,0.546294093132019,0.4961793124675751,0.16940239071846008,0.0032575903460383415,0.0093391053378582,0.00464580487459898,0.4127543568611145,0.4848674535751343,0.43295398354530334,0.15682299435138702,0.0013263438595458865,0.0010457327589392662,0.0004668586771003902,0.4444066286087036,0.15499064326286316,0.215101957321167,0.04453423246741295,0.9534121155738831,0.9595866799354553,0.010653047822415829,0.9546189904212952,0.956031322479248,0.003470182418823242,0.9520594477653503,0.9523369073867798,0.0014182811137288809,0.0,0.001431978540495038,0.10294441133737564,0.008997087366878986,0.023053420707583427,0.95023113489151,0.08072315156459808,0.2346905916929245,7.949703899612359e-07,7.949703899612359e-07,0.21480651199817657,0.001431978540495038,0.10294441133737564,2.544986443808739e-09,0.02448025718331337
1082_0.94_0.87.png,33.73259353637695,34.1144905090332,0.38189697265625,0.9952729940414429,0.9953240156173706,5.1021575927734375e-05,0.017998933792114258,0.024778127670288086,none,,False,0.6428471207618713,0.017730265855789185,,,0.9960784912109375,,,,,,,,,,,,,,,,,,,,,,,,,,,,,,,,,,,,,,,,,,,fallback,1082_0.94_0.87.png,True,0.6428471207618713,0.017730265855789185,0.6344847679138184,0.8291645050048828,0.9960784912109375,0.5140754580497742,0.5499345064163208,0.5349509119987488,0.1684761792421341,0.003912719897925854,0.013535170815885067,0.007379597518593073,0.4486786425113678,0.4833768904209137,0.470663458108902,0.1603250950574875,0.001354833715595305,0.001041374052874744,0.0004924189415760338,0.26166072487831116,0.22147592902183533,0.28570935130119324,0.07568307965993881,0.9538319706916809,0.9596572518348694,0.014551307074725628,0.9546866416931152,0.95646071434021,0.004042829852551222,0.9520606994628906,0.9521980881690979,0.0014602384762838483,0.0,0.0008572302176617086,0.10992474853992462,0.003623104654252529,0.016843242570757866,0.9500359296798706,0.05640750005841255,0.2178621143102646,7.076718588905351e-07,7.076718588905351e-07,0.28553569316864014,0.0008572302176617086,0.10992474853992462,1.1821359446884117e-09,0.024918070062994957
1089_0.76_1.23.png,38.2501106262207,38.33428192138672,0.08417129516601562,0.996320366859436,0.9962480068206787,-7.236003875732422e-05,0.018246889114379883,0.024834394454956055,none,,False,0.5940179228782654,0.012128232978284359,,,0.9790849685668945,,,,,,,,,,,,,,,,,,,,,,,,,,,,,,,,,,,,,,,,,,,fallback,1089_0.76_1.23.png,True,0.5940179228782654,0.012128232978284359,1.8206307888031006,1.7685002088546753,0.9790849685668945,0.5113763809204102,0.5541799068450928,0.532502293586731,0.16715383529663086,0.003912762273102999,0.013026917353272438,0.006962515413761139,0.4500311613082886,0.48478585481643677,0.47206559777259827,0.15897712111473083,0.0013883908977732062,0.001113252597860992,0.0005267367232590914,0.3709444999694824,0.2082793414592743,0.23642870783805847,0.05804826319217682,0.9537770748138428,0.9594551920890808,0.008522938005626202,0.9545284509658813,0.9554224610328674,0.003360745497047901,0.9520621299743652,0.9522292017936707,0.0015101006720215082,0.0,0.0008553411462344229,0.04416777193546295,0.005321976728737354,0.017854398116469383,0.9501398205757141,0.060281332582235336,0.1928817182779312,6.018249791850394e-07,6.018249791850394e-07,0.23624032735824585,0.0008553411462344229,0.04416777193546295,8.138837381821418e-10,0.02492823451757431
10_0.78_1.56.png,38.923065185546875,38.67391586303711,-0.24914932250976562,0.9978569746017456,0.9977781176567078,-7.88569450378418e-05,0.01955437660217285,0.024837970733642578,none,,False,0.6607321500778198,0.028717193752527237,,,0.9764706492424011,,,,,,,,,,,,,,,,,,,,,,,,,,,,,,,,,,,,,,,,,,,fallback,10_0.78_1.56.png,True,0.6607321500778198,0.028717193752527237,2.123175859451294,1.7306761741638184,0.9764706492424011,0.5010978579521179,0.5552011728286743,0.5221366286277771,0.16882792115211487,0.0038662641309201717,0.012240245938301086,0.006385535933077335,0.44432148337364197,0.484396368265152,0.46606165170669556,0.16101795434951782,0.0014221471501514316,0.0012055314145982265,0.0005703913629986346,0.22956672310829163,0.22407321631908417,0.28410547971725464,0.07308396697044373,0.9532698392868042,0.9588235020637512,0.009918952360749245,0.9544614553451538,0.9553436636924744,0.003669122001156211,0.9520583152770996,0.9522475600242615,0.0015342306578531861,0.0,0.0007788841612637043,0.08004777133464813,0.003860022174194455,0.01574581302702427,0.9499839544296265,0.04877214506268501,0.18813876807689667,1.0438835715831374e-06,1.0438835715831374e-06,0.28391093015670776,0.0007788841612637043,0.08004777133464813,1.4547527626973533e-09,0.024832844734191895
1102_0.65_0.94.png,29.69432830810547,29.7939395904541,0.09961128234863281,0.9940026998519897,0.9939754009246826,-2.7298927307128906e-05,0.01834702491760254,0.024682283401489258,none,,False,0.6037434935569763,0.012170087546110153,,,0.9869281053543091,,,,,,,,,,,,,,,,,,,,,,,,,,,,,,,,,,,,,,,,,,,fallback,1102_0.65_0.94.png,True,0.6037434935569763,0.012170087546110153,1.016701579093933,1.8732901811599731,0.9869281053543091,0.5298260450363159,0.5560683012008667,0.5506771206855774,0.166774183511734,0.004646358545869589,0.01745726726949215,0.009749502874910831,0.45861709117889404,0.48435986042022705,0.48110899329185486,0.15809470415115356,0.0014022467657923698,0.0011465634452179074,0.0005488642491400242,0.2801494598388672,0.28323882818222046,0.31017759442329407,0.10040935128927231,0.9540994167327881,0.9597105383872986,0.01580917276442051,0.9546844959259033,0.9555637836456299,0.0046874163672327995,0.9520666599273682,0.9522306323051453,0.0015015779063105583,0.0,0.0011467323638498783,0.09532498568296432,0.006991956382989883,0.017731398344039917,0.950127363204956,0.06204017251729965,0.24851199984550476,8.179939641195233e-07,8.179939641195233e-07,0.31002098321914673,0.0011467323638498783,0.09532498568296432,1.7245338490567974e-09,0.02496815286576748
1105_0.82_0.89.png,39.09054946899414,39.56610870361328,0.4755592346191406,0.9984604120254517,0.9984487891197205,-1.1622905731201172e-05,0.01798391342163086,0.025001049041748047,none,,False,0.6414737701416016,0.012267712503671646,,,0.9581699371337891,,,,,,,,,,,,,,,,,,,,,,,,,,,,,,,,,,,,,,,,,,,fallback,1105_0.82_0.89.png,True,0.6414737701416016,0.012267712503671646,0.9919307231903076,1.5424915552139282,0.9581699371337891,0.5200810432434082,0.554790198802948,0.5408335328102112,0.16720134019851685,0.004397822543978691,0.016290506348013878,0.008980780839920044,0.4489041566848755,0.4837709367275238,0.4709130525588989,0.1586720049381256,0.0013794630067422986,0.001097222906537354,0.0005078132380731404,0.3152892291545868,0.2618520259857178,0.2538115084171295,0.06157981604337692,0.9541069865226746,0.958909809589386,0.011097297072410583,0.9546573162078857,0.9556959867477417,0.0037727891467511654,0.9520671963691711,0.9522175192832947,0.0015041697770357132,0.0,0.00086451624520123,0.0571269765496254,0.004068047273904085,0.01716674491763115,0.9501855969429016,0.05915830284357071,0.19767236709594727,7.01300734817778e-07,7.01300734817778e-07,0.25359973311424255,0.00086451624520123,0.0571269765496254,1.2562568763030413e-09,0.024973032996058464
1114_0.76_1.34.png,36.67323303222656,36.936561584472656,0.26332855224609375,0.988824725151062,0.9888772368431091,5.251169204711914e-05,0.017962217330932617,0.030062198638916016,none,,False,0.565944492816925,0.014452589675784111,,,0.9921568632125854,,,,,,,,,,,,,,,,,,,,,,,,,,,,,,,,,,,,,,,,,,,fallback,1114_0.76_1.34.png,True,0.565944492816925,0.014452589675784111,1.2297488451004028,1.6108119487762451,0.9921568632125854,0.508202075958252,0.5450652837753296,0.5294864177703857,0.16555337607860565,0.004012094344943762,0.01352759636938572,0.007157689891755581,0.4521087110042572,0.4848075211048126,0.4742271304130554,0.15876621007919312,0.0014232799876481295,0.0011507336748763919,0.0005486009758897126,0.34245261549949646,0.26604706048965454,0.26121097803115845,0.09620736539363861,0.9536135792732239,0.9573731422424316,0.010448209010064602,0.9545998573303223,0.9559427499771118,0.0034649567678570747,0.9520577788352966,0.9523935317993164,0.0015099782031029463,0.0,0.0016304260352626443,0.07943228632211685,0.010979104787111282,0.021435506641864777,0.9501960277557373,0.074842169880867,0.26376718282699585,7.223822535706859e-07,7.223822535706859e-07,0.260996013879776,0.0016304260352626443,0.07943228632211685,2.0695452018770766e-09,0.023675767704844475
1122_0.94_0.53.png,40.95222473144531,41.309661865234375,0.3574371337890625,0.9983013868331909,0.9983049631118774,3.5762786865234375e-06,0.018180370330810547,0.027513504028320312,none,,False,0.6007717251777649,0.03298855945467949,,,0.9973856806755066,,,,,,,,,,,,,,,,,,,,,,,,,,,,,,,,,,,,,,,,,,,fallback,1122_0.94_0.53.png,True,0.6007717251777649,0.03298855945467949,1.4981684684753418,1.5391974449157715,0.9973856806755066,0.49965694546699524,0.5437235832214355,0.5210413932800293,0.1706407219171524,0.003897142130881548,0.011763351038098335,0.006326310336589813,0.45022645592689514,0.48449790477752686,0.47223415970802307,0.16150617599487305,0.0014656840357929468,0.0012799127725884318,0.0006150682456791401,0.43242862820625305,0.2483401894569397,0.24351496994495392,0.09591438621282578,0.9541484117507935,0.9623044729232788,0.017113003879785538,0.9546961188316345,0.9560443162918091,0.0043167369440197945,0.95204758644104,0.952387809753418,0.0014086089795455337,0.0,0.001640506787225604,0.08714814484119415,0.00973095465451479,0.022033637389540672,0.9502325057983398,0.081500343978405,0.2712066173553467,7.446631684615568e-07,7.446631684615568e-07,0.24318471550941467,0.001640506787225604,0.08714814484119415,2.1953643347671914e-09,0.024671588093042374
1135_0.55_1.74.png,36.912452697753906,37.00923538208008,0.09678268432617188,0.9967797994613647,0.996800422668457,2.0623207092285156e-05,0.01818084716796875,0.027463436126708984,none,,False,0.4516313076019287,0.018045179545879364,,,0.8522876501083374,,,,,,,,,,,,,,,,,,,,,,,,,,,,,,,,,,,,,,,,,,,fallback,1135_0.55_1.74.png,True,0.4516313076019287,0.018045179545879364,1.437826156616211,1.039020299911499,0.8522876501083374,0.4942968785762787,0.5566049814224243,0.5152041912078857,0.16949450969696045,0.003794200485572219,0.011555307544767857,0.006072244606912136,0.4342290759086609,0.4844558835029602,0.45547279715538025,0.1589893251657486,0.0014184651663526893,0.0012172095011919737,0.0005552481743507087,0.3884965479373932,0.24286310374736786,0.2733418345451355,0.07215313613414764,0.9534717202186584,0.9577000737190247,0.010549345053732395,0.954484760761261,0.9557762145996094,0.003205483080819249,0.952060878276825,0.9523778557777405,0.0014688388910144567,0.0,0.0013591274619102478,0.06311354786157608,0.005870932247489691,0.023072374984622,0.9502679109573364,0.07865885645151138,0.22570611536502838,8.612335591351439e-07,8.612335591351439e-07,0.2731465995311737,0.0013591274619102478,0.06311354786157608,1.8367146692455094e-09,0.024515485391020775
1138_0.86_1.95.png,30.7291259765625,30.90163803100586,0.17251205444335938,0.9920884966850281,0.9920320510864258,-5.644559860229492e-05,0.019779682159423828,0.027123689651489258,none,,False,0.6953179240226746,0.008340377360582352,,,0.9098039865493774,,,,,,,,,,,,,,,,,,,,,,,,,,,,,,,,,,,,,,,,,,,fallback,1138_0.86_1.95.png,True,0.6953179240226746,0.008340377360582352,0.8787650465965271,0.946492075920105,0.9098039865493774,0.5040022134780884,0.5521207451820374,0.5250044465065002,0.16790112853050232,0.004106348846107721,0.013308677822351456,0.0071006654761731625,0.44095534086227417,0.48504775762557983,0.46253570914268494,0.15959063172340393,0.0014364654198288918,0.0012506908969953656,0.0005764015950262547,0.2321479469537735,0.2149849683046341,0.2895580530166626,0.05101366341114044,0.9536817073822021,0.9589651226997375,0.00855417363345623,0.9545557498931885,0.9557385444641113,0.003387348959222436,0.9520599842071533,0.9522713422775269,0.0015013525262475014,0.0,0.0006517909932881594,0.05711784213781357,0.0038137943483889103,0.016398781910538673,0.9500524997711182,0.04998907074332237,0.22357675433158875,7.085496349645837e-07,7.085496349645837e-07,0.28944146633148193,0.0006517909932881594,0.05711784213781357,9.738966300076868e-10,0.02473987638950348
1141_0.93_1.87.png,38.161773681640625,38.220703125,0.058929443359375,0.9878689646720886,0.9879052042961121,3.62396240234375e-05,0.018246173858642578,0.02669215202331543,none,,False,0.7189847826957703,0.01011718437075615,,,1.0,,,,,,,,,,,,,,,,,,,,,,,,,,,,,,,,,,,,,,,,,,,fallback,1141_0.93_1.87.png,True,0.7189847826957703,0.01011718437075615,1.3443646430969238,1.19413423538208,1.0,0.5079428553581238,0.5538245439529419,0.5288934707641602,0.1665923297405243,0.0036802913527935743,0.01201912946999073,0.006398332305252552,0.4452367126941681,0.48458409309387207,0.4670414626598358,0.15709300339221954,0.0013570395531132817,0.0010500212665647268,0.0004971069865860045,0.19018585979938507,0.16638143360614777,0.2771971821784973,0.0681711807847023,0.9531816840171814,0.9608672857284546,0.01178192812949419,0.9544845819473267,0.9557271003723145,0.004128661472350359,0.9520655870437622,0.9523764252662659,0.0015897394623607397,0.0,0.00047241878928616643,0.07072365283966064,0.0034555289894342422,0.013275311328470707,0.9498536586761475,0.038408003747463226,0.258854478597641,1.7423093368051923e-06,1.7423093368051923e-06,0.27705544233322144,0.00047241878928616643,0.07072365283966064,8.801859241458487e-10,0.024850182235240936
1145_0.9_1.2.png,34.373077392578125,34.10885238647461,-0.2642250061035156,0.9960496425628662,0.9959031343460083,-0.00014650821685791016,0.018095970153808594,0.026515722274780273,none,,False,0.616769015789032,0.01107137929648161,,,0.9895424842834473,,,,,,,,,,,,,,,,,,,,,,,,,,,,,,,,,,,,,,,,,,,fallback,1145_0.9_1.2.png,True,0.616769015789032,0.01107137929648161,1.675840139389038,1.7791812419891357,0.9895424842834473,0.5143983960151672,0.5550488829612732,0.5355948805809021,0.16703800857067108,0.004106264561414719,0.013768650591373444,0.0075370315462350845,0.45470261573791504,0.4847942888736725,0.4769635796546936,0.15845642983913422,0.0014195560943335295,0.0011761467903852463,0.0005587096093222499,0.4129611551761627,0.27796152234077454,0.24622440338134766,0.04481294006109238,0.9542187452316284,0.959324061870575,0.011563765816390514,0.9545729756355286,0.9556920528411865,0.0035393033176660538,0.952059805393219,0.9522153735160828,0.0014857450732961297,0.0,0.0013253918150439858,0.07223008573055267,0.005651350133121014,0.019880322739481926,0.9502286314964294,0.07280920445919037,0.22782288491725922,5.944248187006451e-07,5.944248187006451e-07,0.2460668981075287,0.0013253918150439858,0.07223008573055267,1.5359979954610026e-09,0.02479889988899231
1148_0.78_0.59.png,39.865509033203125,39.130271911621094,-0.7352371215820312,0.9983177185058594,0.9980754852294922,-0.0002422332763671875,0.01817917823791504,0.02648472785949707,none,,False,0.5667161345481873,0.012758605182170868,,,0.9830065965652466,,,,,,,,,,,,,,,,,,,,,,,,,,,,,,,,,,,,,,,,,,,fallback,1148_0.78_0.59.png,True,0.5667161345481873,0.012758605182170868,1.736572027206421,1.850974202156067,0.9830065965652466,0.5141955018043518,0.5545583963394165,0.5353837609291077,0.16716328263282776,0.004078063648194075,0.013673576526343822,0.007494872435927391,0.45434290170669556,0.484781414270401,0.47658678889274597,0.1586228311061859,0.0014142236905172467,0.0011632657842710614,0.0005533693474717438,0.4876205325126648,0.24656936526298523,0.2305058091878891,0.0448453426361084,0.9545716047286987,0.9593398571014404,0.011686793528497219,0.9546164274215698,0.955613911151886,0.0035642047878354788,0.952058732509613,0.9522148370742798,0.0014593037776648998,0.0,0.0015144450590014458,0.06964834034442902,0.00558778690174222,0.021318376064300537,0.9503163695335388,0.08262200653553009,0.20631913840770721,4.933718855681946e-07,4.933718855681946e-07,0.23033107817173004,0.0015144450590014458,0.06964834034442902,1.5003045472639087e-09,0.024900121614336967
1149_0.98_1.73.png,34.58140563964844,34.43190002441406,-0.149505615234375,0.995848536491394,0.9958986043930054,5.0067901611328125e-05,0.018088817596435547,0.026023149490356445,none,,False,0.7938170433044434,0.012919845059514046,,,0.9843137264251709,,,,,,,,,,,,,,,,,,,,,,,,,,,,,,,,,,,,,,,,,,,fallback,1149_0.98_1.73.png,True,0.7938170433044434,0.012919845059514046,1.3529083728790283,1.641194462776184,0.9843137264251709,0.5091904997825623,0.5528113842010498,0.5301266312599182,0.16765864193439484,0.004176638554781675,0.014461908489465714,0.007666783407330513,0.44866853952407837,0.4844684302806854,0.4706374406814575,0.15964025259017944,0.0014099699910730124,0.001156710321083665,0.0005524904699996114,0.19423070549964905,0.23631122708320618,0.29874008893966675,0.05137275159358978,0.9535358548164368,0.9587557911872864,0.012441147118806839,0.9543695449829102,0.9557816386222839,0.004552112892270088,0.9520623087882996,0.9522162675857544,0.0015964895719662309,0.0,0.00045484391739591956,0.05117666721343994,0.0030279215425252914,0.012195042334496975,0.9498905539512634,0.03646516054868698,0.1706870198249817,1.0734778470578021e-06,1.0734778470578021e-06,0.29861772060394287,0.00045484391739591956,0.05117666721343994,1.0134343364498477e-09,0.024695198982954025
1151_0.92_1.56.png,36.97855758666992,36.866329193115234,-0.1122283935546875,0.997065544128418,0.9971126317977905,4.7087669372558594e-05,0.018280744552612305,0.025264501571655273,none,,False,0.7676377296447754,0.014714207500219345,,,0.988235354423523,,,,,,,,,,,,,,,,,,,,,,,,,,,,,,,,,,,,,,,,,,,fallback,1151_0.92_1.56.png,True,0.7676377296447754,0.014714207500219345,1.376938819885254,1.6423625946044922,0.988235354423523,0.507358729839325,0.552185595035553,0.5282981991767883,0.16785548627376556,0.004130460321903229,0.014087265357375145,0.007459151092916727,0.44775229692459106,0.4844699800014496,0.4696732461452484,0.15989266335964203,0.0014112722128629684,0.001161428401246667,0.0005538196419365704,0.21268205344676971,0.23930490016937256,0.3002711534500122,0.05480324476957321,0.953617513179779,0.959062397480011,0.012565882876515388,0.9544208645820618,0.9557898640632629,0.004347291775047779,0.9520610570907593,0.9522160291671753,0.0015717233764007688,0.0,0.0004886062815785408,0.051001328974962234,0.003091484773904085,0.012868589721620083,0.9499174356460571,0.039080142974853516,0.16864804923534393,9.778218554856721e-07,9.778218554856721e-07,0.30014458298683167,0.0004886062815785408,0.051001328974962234,1.04689601432284e-09,0.024806611239910126
1156_0.91_1.37.png,38.92448043823242,39.33076858520508,0.40628814697265625,0.9964858293533325,0.9965357780456543,4.9948692321777344e-05,0.01804327964782715,0.02564859390258789,none,,False,0.671660840511322,0.01970508322119713,,,1.0,,,,,,,,,,,,,,,,,,,,,,,,,,,,,,,,,,,,,,,,,,,fallback,1156_0.91_1.37.png,True,0.671660840511322,0.01970508322119713,1.5975720882415771,2.1648592948913574,1.0,0.5148781538009644,0.5531066060066223,0.5356202721595764,0.16748680174350739,0.004161208868026733,0.015083122998476028,0.00815085880458355,0.44422411918640137,0.48482760787010193,0.4659969210624695,0.15905289351940155,0.0013612540205940604,0.0010540458606556058,0.0004945496912114322,0.33345475792884827,0.2677103579044342,0.27294203639030457,0.08480805158615112,0.953818678855896,0.9597699046134949,0.014072240330278873,0.9546026587486267,0.9561107754707336,0.004031880293041468,0.9520628452301025,0.9522096514701843,0.0015001982683315873,0.0,0.0006771528860554099,0.055441856384277344,0.003155048005282879,0.015818210318684578,0.9500954151153564,0.05405201390385628,0.167053684592247,7.381018463092914e-07,7.381018463092914e-07,0.2726973295211792,0.0006771528860554099,0.055441856384277344,8.904298409717626e-10,0.02441263757646084
1158_0.86_1.65.png,32.247589111328125,32.736175537109375,0.48858642578125,0.99666827917099,0.9967612624168396,9.298324584960938e-05,0.01800680160522461,0.02529001235961914,none,,False,0.6441438794136047,0.028627047315239906,,,0.9816993474960327,,,,,,,,,,,,,,,,,,,,,,,,,,,,,,,,,,,,,,,,,,,fallback,1158_0.86_1.65.png,True,0.6441438794136047,0.028627047315239906,1.1505310535430908,1.451313853263855,0.9816993474960327,0.517728328704834,0.5549923777580261,0.5386759638786316,0.167043536901474,0.004282365087419748,0.015379096381366253,0.008344491012394428,0.45220351219177246,0.48430630564689636,0.47435954213142395,0.15846167504787445,0.0013993222964927554,0.0011280952021479607,0.0005303106154315174,0.3184172511100769,0.2880602180957794,0.2952161729335785,0.09610461443662643,0.9539137482643127,0.9592053890228271,0.014870479702949524,0.9547073841094971,0.9558824300765991,0.003912800922989845,0.9520605206489563,0.9522244334220886,0.001477701822295785,0.0,0.0009374697110615671,0.06109144166111946,0.0035999908577650785,0.017288578674197197,0.9501372575759888,0.06216556578874588,0.18238534033298492,8.330704872605565e-07,8.330704872605565e-07,0.29493916034698486,0.0009374697110615671,0.06109144166111946,1.4501154721457965e-09,0.024979349225759506
1168_0.56_0.69.png,38.9350700378418,38.9976806640625,0.06261062622070312,0.9984549283981323,0.9984164237976074,-3.8504600524902344e-05,0.01811361312866211,0.025398731231689453,none,,False,0.5573052167892456,0.022621504962444305,,,0.9803921580314636,,,,,,,,,,,,,,,,,,,,,,,,,,,,,,,,,,,,,,,,,,,fallback,1168_0.56_0.69.png,True,0.5573052167892456,0.022621504962444305,1.2169487476348877,1.7033268213272095,0.9803921580314636,0.5054370760917664,0.5502519607543945,0.5261569023132324,0.16829781234264374,0.004254914820194244,0.014938614331185818,0.007997959852218628,0.4431582987308502,0.48453494906425476,0.46486127376556396,0.1600985825061798,0.0014080085093155503,0.0011655844282358885,0.000545572314877063,0.42040735483169556,0.29500362277030945,0.2749904692173004,0.08694754540920258,0.9544356465339661,0.9606851935386658,0.014464044012129307,0.9546794295310974,0.9558478593826294,0.004173170309513807,0.9520620703697205,0.9522249102592468,0.0014377031475305557,0.0,0.0015777290100231767,0.09936610609292984,0.007338664960116148,0.022080181166529655,0.9503222703933716,0.0835617333650589,0.23471376299858093,7.679501550228451e-07,7.679501550228451e-07,0.27474814653396606,0.0015777290100231767,0.09936610609292984,2.3754085365368383e-09,0.024936893954873085
1169_0.58_1.98.png,32.39725875854492,32.13022232055664,-0.26703643798828125,0.9499936103820801,0.9476735591888428,-0.0023200511932373047,0.01917552947998047,0.025330781936645508,none,,False,0.6478355526924133,0.007523342967033386,,,0.9843137264251709,,,,,,,,,,,,,,,,,,,,,,,,,,,,,,,,,,,,,,,,,,,fallback,1169_0.58_1.98.png,True,0.6478355526924133,0.007523342967033386,0.851863443851471,0.9588655829429626,0.9843137264251709,0.5234660506248474,0.552632212638855,0.5443599224090576,0.16964145004749298,0.0038483983371406794,0.014115882106125355,0.007671106606721878,0.4553961157798767,0.4834279716014862,0.47772616147994995,0.15922817587852478,0.0013100120704621077,0.0009159839828498662,0.00043671741150319576,0.2552075982093811,0.2526843845844269,0.25451022386550903,0.08694880455732346,0.9532637000083923,0.9575511813163757,0.009623625315725803,0.9544436931610107,0.9558244943618774,0.0032415525056421757,0.9520720839500427,0.9524202346801758,0.0015955812996253371,0.0,0.0006612573051825166,0.037173882126808167,0.0023749538231641054,0.01465324591845274,0.9499933123588562,0.04744001477956772,0.21385253965854645,9.888234444588306e-07,9.888234444588306e-07,0.2543560862541199,0.0006612573051825166,0.037173882126808167,5.378039680259405e-10,0.024313924834132195
1171_0.64_1.87.png,33.36100769042969,33.12981414794922,-0.23119354248046875,0.9548531770706177,0.9532837867736816,-0.0015693902969360352,0.018246173858642578,0.02545642852783203,none,,False,0.6493351459503174,0.007375116925686598,,,0.9843137264251709,,,,,,,,,,,,,,,,,,,,,,,,,,,,,,,,,,,,,,,,,,,fallback,1171_0.64_1.87.png,True,0.6493351459503174,0.007375116925686598,0.8502151966094971,0.9647970199584961,0.9843137264251709,0.5236415863037109,0.5524371862411499,0.5445338487625122,0.16969744861125946,0.0038493985775858164,0.014163403771817684,0.007701267953962088,0.4554935395717621,0.4836118817329407,0.4778285324573517,0.1593044400215149,0.0013084964593872428,0.0009105798089876771,0.0004343103209976107,0.2598799765110016,0.2530713379383087,0.2476779967546463,0.08400546759366989,0.9532709121704102,0.9574962258338928,0.009595531038939953,0.9544562101364136,0.9558408856391907,0.003275795141234994,0.952072262763977,0.952410101890564,0.0015961996978148818,0.0,0.000673145754262805,0.0375201441347599,0.002398067619651556,0.014713031239807606,0.949997067451477,0.047745656222105026,0.21526667475700378,9.518923320683825e-07,9.518923320683825e-07,0.24752135574817657,0.000673145754262805,0.0375201441347599,5.32186184010186e-10,0.024307765066623688
117_0.56_1.2.png,37.21647644042969,37.53553009033203,0.31905364990234375,0.9966435432434082,0.9967790842056274,0.00013554096221923828,0.01810479164123535,0.025648117065429688,none,,False,0.46704792976379395,0.019283223897218704,,,0.9869281053543091,,,,,,,,,,,,,,,,,,,,,,,,,,,,,,,,,,,,,,,,,,,fallback,117_0.56_1.2.png,True,0.46704792976379395,0.019283223897218704,1.765622615814209,1.5406767129898071,0.9869281053543091,0.4879356324672699,0.5497087836265564,0.5089170336723328,0.16947467625141144,0.0041199843399226665,0.01256733387708664,0.006426734384149313,0.4354008436203003,0.4845554530620575,0.456680029630661,0.16136100888252258,0.001493346644565463,0.0013803024776279926,0.0006371584022417665,0.4115661084651947,0.1877937763929367,0.24652405083179474,0.05666666105389595,0.9537144303321838,0.9590167999267578,0.009404587559401989,0.9545744061470032,0.955600917339325,0.0035140328109264374,0.9520542025566101,0.952236533164978,0.001476458040997386,0.0,0.0014448121655732393,0.061989445239305496,0.005044609773904085,0.023613492026925087,0.9502617120742798,0.08186478167772293,0.19409263134002686,6.705469104417716e-07,6.705469104417716e-07,0.2462792992591858,0.0014448121655732393,0.061989445239305496,1.7757890713454572e-09,0.024928638711571693
1183_0.84_1.24.png,34.01176834106445,34.540225982666016,0.5284576416015625,0.9964703321456909,0.9966112971305847,0.00014096498489379883,0.018019676208496094,0.025210142135620117,none,,False,0.6611992120742798,0.019936291500926018,,,1.0,,,,,,,,,,,,,,,,,,,,,,,,,,,,,,,,,,,,,,,,,,,fallback,1183_0.84_1.24.png,True,0.6611992120742798,0.019936291500926018,1.331000804901123,1.5945541858673096,1.0,0.5140242576599121,0.5547409653663635,0.534974992275238,0.166872039437294,0.004254964180290699,0.01490221917629242,0.008053789846599102,0.45108214020729065,0.4848383367061615,0.47317659854888916,0.15789560973644257,0.0014117587124928832,0.0011629044311121106,0.0005486250156536698,0.24507315456867218,0.236922949552536,0.3141544461250305,0.08897287398576736,0.9536902904510498,0.960142195224762,0.01475618313997984,0.9545392990112305,0.9558749198913574,0.003908621612936258,0.9520612955093384,0.9522309303283691,0.0014840385410934687,0.0,0.0007049590349197388,0.05627981573343277,0.0032648390624672174,0.016493236646056175,0.9500450491905212,0.053629402071237564,0.18000134825706482,1.01349155556818e-06,1.01349155556818e-06,0.3139680027961731,0.0007049590349197388,0.05627981573343277,1.0783355319787802e-09,0.024914048612117767
1186_0.53_1.08.png,35.447837829589844,35.10618209838867,-0.3416557312011719,0.9988409280776978,0.9988107085227966,-3.0219554901123047e-05,0.01827406883239746,0.026163816452026367,none,,False,0.6376999020576477,0.022427864372730255,,,0.9816993474960327,,,,,,,,,,,,,,,,,,,,,,,,,,,,,,,,,,,,,,,,,,,fallback,1186_0.53_1.08.png,True,0.6376999020576477,0.022427864372730255,1.937801718711853,2.3513314723968506,0.9816993474960327,0.5186612606048584,0.5562893748283386,0.5398626327514648,0.16672562062740326,0.0045136092230677605,0.0157718937844038,0.00860570278018713,0.45931437611579895,0.4846099317073822,0.48180124163627625,0.1580282300710678,0.0014687253860756755,0.0012761789839714766,0.0006078452570363879,0.250266969203949,0.24276509881019592,0.3207519054412842,0.07346044480800629,0.9539567232131958,0.9602997303009033,0.011795537546277046,0.9545928239822388,0.9555925726890564,0.0036227076780050993,0.9520670175552368,0.9523548483848572,0.0014974374789744616,0.0,0.0008119014091789722,0.07791654020547867,0.0034555289894342422,0.018653584644198418,0.9502249956130981,0.06080136448144913,0.15431194007396698,1.0517383088881616e-06,1.0517383088881616e-06,0.3205868601799011,0.0008119014091789722,0.07791654020547867,1.4048339158634349e-09,0.024945547804236412
1196_0.78_1.47.png,37.08495330810547,36.49938201904297,-0.5855712890625,0.9970969557762146,0.9970456957817078,-5.125999450683594e-05,0.01801276206970215,0.02472233772277832,none,,False,0.6530318260192871,0.017372382804751396,,,0.9359477758407593,,,,,,,,,,,,,,,,,,,,,,,,,,,,,,,,,,,,,,,,,,,fallback,1196_0.78_1.47.png,True,0.6530318260192871,0.017372382804751396,1.38930344581604,1.4719172716140747,0.9359477758407593,0.5093501210212708,0.5570427775382996,0.5305014848709106,0.16657710075378418,0.004455894697457552,0.014788052067160606,0.008001715876162052,0.4494774639606476,0.48462891578674316,0.4714716672897339,0.15782074630260468,0.0014902452239766717,0.0013625293504446745,0.0006413019727915525,0.28794392943382263,0.27100870013237,0.29906630516052246,0.071186862885952,0.953612744808197,0.959692656993866,0.010482070036232471,0.9545272588729858,0.9555009007453918,0.003899881849065423,0.9520609378814697,0.9522963166236877,0.0015100097516551614,0.0,0.0009590727859176695,0.05936626344919205,0.004940597340464592,0.018452804535627365,0.9501761198043823,0.061147723346948624,0.19870595633983612,1.0303600674888003e-06,1.0303600674888003e-06,0.2988966703414917,0.0009590727859176695,0.05936626344919205,1.178998232376216e-09,0.024862375110387802
1219_0.76_1.2.png,33.361637115478516,33.428951263427734,0.06731414794921875,0.9946586489677429,0.9945467710494995,-0.0001118779182434082,0.01821279525756836,0.024643421173095703,none,,False,0.6471001505851746,0.008704977110028267,,,0.9816994071006775,,,,,,,,,,,,,,,,,,,,,,,,,,,,,,,,,,,,,,,,,,,fallback,1219_0.76_1.2.png,True,0.6471001505851746,0.008704977110028267,0.9579570293426514,1.7057421207427979,0.9816994071006775,0.5109900832176208,0.5510920286178589,0.5316317677497864,0.16805510222911835,0.004550059791654348,0.01668490283191204,0.009021204896271229,0.4405680298805237,0.48469865322113037,0.4621555507183075,0.15978726744651794,0.001409644610248506,0.0011731741251423955,0.0005388486897572875,0.3087846636772156,0.3333838880062103,0.2991657555103302,0.1117480918765068,0.9540829658508301,0.9586247801780701,0.0162893608212471,0.9545894861221313,0.9556288123130798,0.004427372943609953,0.952059805393219,0.9523166418075562,0.001506395754404366,0.0,0.0017068100860342383,0.09310387820005417,0.008303670212626457,0.02043478563427925,0.9501076936721802,0.07334594428539276,0.26062890887260437,8.720391520000703e-07,8.720391520000703e-07,0.2990109324455261,0.0017068100860342383,0.09310387820005417,2.534243703777861e-09,0.024907637387514114
1223_0.74_2.0.png,34.71953582763672,34.26289367675781,-0.45664215087890625,0.9954094886779785,0.9953784346580505,-3.1054019927978516e-05,0.017996788024902344,0.02470231056213379,none,,False,0.6594062447547913,0.011297500692307949,,,0.9516340494155884,,,,,,,,,,,,,,,,,,,,,,,,,,,,,,,,,,,,,,,,,,,fallback,1223_0.74_2.0.png,True,0.6594062447547913,0.011297500692307949,1.4643687009811401,2.090648651123047,0.9516340494155884,0.5182715654373169,0.5562954545021057,0.5392361283302307,0.1667173206806183,0.004732772707939148,0.01731720007956028,0.009272376075387001,0.4525791108608246,0.4850407838821411,0.47474685311317444,0.15802036225795746,0.0014552867505699396,0.0012442072620615363,0.0005841806996613741,0.1702648103237152,0.20946668088436127,0.34406328201293945,0.07116156071424484,0.9533852934837341,0.9597530364990234,0.012559887021780014,0.9544246196746826,0.9555816650390625,0.0038096520584076643,0.9520635008811951,0.952252984046936,0.0015841372078284621,0.0,0.0006389946793206036,0.0986243262887001,0.002975915325805545,0.015327963046729565,0.9500054717063904,0.047053609043359756,0.2251194268465042,1.0993625210176106e-06,1.0993625210176106e-06,0.34394583106040955,0.0006389946793206036,0.0986243262887001,1.3278954602569115e-09,0.024976618587970734
1237_0.86_1.79.png,36.07439422607422,36.006935119628906,-0.0674591064453125,0.9959322214126587,0.9959301948547363,-2.0265579223632812e-06,0.01865100860595703,0.02472972869873047,none,,False,0.6428863406181335,0.017642734572291374,,,0.9790849685668945,,,,,,,,,,,,,,,,,,,,,,,,,,,,,,,,,,,,,,,,,,,fallback,1237_0.86_1.79.png,True,0.6428863406181335,0.017642734572291374,1.2301857471466064,1.0472407341003418,0.9790849685668945,0.5149075984954834,0.5525766015052795,0.5357699394226074,0.1676829755306244,0.0035989603493362665,0.01252838596701622,0.0066948868334293365,0.44837045669555664,0.48182663321495056,0.4703458249568939,0.15931083261966705,0.0013101903023198247,0.0009352175402455032,0.00043805866152979434,0.2852500081062317,0.22835004329681396,0.28621503710746765,0.0796586275100708,0.9535795450210571,0.9595019817352295,0.010395200923085213,0.9546273350715637,0.9558122754096985,0.0030260186176747084,0.9520663619041443,0.9522355794906616,0.0014597190311178565,0.0,0.000739624781999737,0.04444967955350876,0.004258736968040466,0.01687665469944477,0.9500859379768372,0.05468141660094261,0.21453635394573212,8.371201261070382e-07,8.371201261070382e-07,0.2860131859779358,0.000739624781999737,0.04444967955350876,9.174108139831105e-10,0.024992741644382477
123_0.94_1.22.png,34.61260223388672,34.76416778564453,0.1515655517578125,0.9964613914489746,0.9965433478355408,8.195638656616211e-05,0.019058942794799805,0.02486133575439453,none,,False,0.6970899701118469,0.015317436307668686,,,0.9803921580314636,,,,,,,,,,,,,,,,,,,,,,,,,,,,,,,,,,,,,,,,,,,fallback,123_0.94_1.22.png,True,0.6970899701118469,0.015317436307668686,0.8544724583625793,1.0859636068344116,0.9803921580314636,0.5192371606826782,0.5533364415168762,0.540060818195343,0.16759125888347626,0.0039299908094108105,0.01390325278043747,0.007612716406583786,0.4499606490135193,0.4828442335128784,0.4720208942890167,0.1591908037662506,0.0013320950092747808,0.0009973935084417462,0.0004687908513005823,0.24286606907844543,0.235257089138031,0.28879064321517944,0.088149294257164,0.9538582563400269,0.959226131439209,0.015115487389266491,0.9547332525253296,0.9560493230819702,0.0034114059526473284,0.9520633816719055,0.9522168636322021,0.0014639408327639103,0.0,0.0007576743955723941,0.0397234782576561,0.003386187134310603,0.0161786749958992,0.9500194191932678,0.05400935187935829,0.19016624987125397,7.818396170478081e-07,7.818396170478081e-07,0.2886179983615875,0.0007576743955723941,0.0397234782576561,7.711488114736653e-10,0.024967806413769722
1243_0.64_1.03.png,38.76911926269531,38.53860855102539,-0.23051071166992188,0.9973238706588745,0.9972936511039734,-3.0219554901123047e-05,0.018245220184326172,0.024787187576293945,none,,False,0.46417734026908875,0.01989763230085373,,,0.9921569228172302,,,,,,,,,,,,,,,,,,,,,,,,,,,,,,,,,,,,,,,,,,,fallback,1243_0.64_1.03.png,True,0.46417734026908875,0.01989763230085373,2.3592348098754883,1.8167425394058228,0.9921569228172302,0.4971461594104767,0.5517784953117371,0.5184450745582581,0.1698571741580963,0.003931010607630014,0.011758275330066681,0.006191425956785679,0.4455440938472748,0.484805703163147,0.4673217236995697,0.15953639149665833,0.0014763446524739265,0.0013257942628115416,0.0006207221886143088,0.4750466048717499,0.2584638297557831,0.24460570514202118,0.06438156217336655,0.9539876580238342,0.9599107503890991,0.01183362491428852,0.9545786380767822,0.955633282661438,0.003285340964794159,0.9520518183708191,0.9523051977157593,0.0014269871171563864,0.0,0.0020880396477878094,0.09576981514692307,0.006679918617010117,0.025892509147524834,0.9503637552261353,0.09774935990571976,0.22466497123241425,6.159590952847793e-07,6.159590952847793e-07,0.24437858164310455,0.0020880396477878094,0.09576981514692307,2.2119523990227208e-09,0.02499602548778057
1244_0.95_1.91.png,33.35549545288086,33.23957824707031,-0.11591720581054688,0.9866863489151001,0.9866065382957458,-7.981061935424805e-05,0.018219947814941406,0.024814367294311523,none,,False,0.6276301145553589,0.013810047879815102,,,0.9960784316062927,,,,,,,,,,,,,,,,,,,,,,,,,,,,,,,,,,,,,,,,,,,fallback,1244_0.95_1.91.png,True,0.6276301145553589,0.013810047879815102,2.298475980758667,1.749165415763855,0.9960784316062927,0.49846816062927246,0.5519949793815613,0.51980060338974,0.16980323195457458,0.003894815919920802,0.011598802171647549,0.006125491112470627,0.44702455401420593,0.4846664071083069,0.46887558698654175,0.15946130454540253,0.0014718060847371817,0.0013130996376276016,0.0006173555739223957,0.3543955385684967,0.2587670385837555,0.2410363256931305,0.051542241126298904,0.9534920454025269,0.9581923484802246,0.010333557613193989,0.9544762969017029,0.9556946754455566,0.003863288089632988,0.9520529508590698,0.9522455334663391,0.0014993749791756272,0.0,0.001209053210914135,0.10353796929121017,0.004553439561277628,0.019569024443626404,0.9501102566719055,0.06674932688474655,0.21575362980365753,7.251662168528128e-07,7.251662168528128e-07,0.24085095524787903,0.001209053210914135,0.10353796929121017,1.5936867381327602e-09,0.024945411831140518
1245_0.57_1.62.png,34.86758041381836,35.0863037109375,0.21872329711914062,0.9952429533004761,0.9953376650810242,9.47117805480957e-05,0.01804947853088379,0.02484440803527832,none,,False,0.501858651638031,0.02405073121190071,,,0.9921569228172302,,,,,,,,,,,,,,,,,,,,,,,,,,,,,,,,,,,,,,,,,,,fallback,1245_0.57_1.62.png,True,0.501858651638031,0.02405073121190071,1.7834069728851318,1.6886237859725952,0.9921569228172302,0.5118519067764282,0.5533768534660339,0.5329973697662354,0.16949567198753357,0.0039045903831720352,0.013257661834359169,0.007093135733157396,0.452026903629303,0.48436859250068665,0.47415679693222046,0.15900929272174835,0.0013937263283878565,0.001104174880310893,0.0005222683539614081,0.43086621165275574,0.2894507944583893,0.26850491762161255,0.0897204577922821,0.9540906548500061,0.9596651792526245,0.0134135652333498,0.9546622633934021,0.955759584903717,0.0037304311990737915,0.9520602226257324,0.9522988200187683,0.0014420306542888284,0.0,0.0015348041197285056,0.09001386165618896,0.006963063962757587,0.02270752191543579,0.9503446817398071,0.08567047119140625,0.25594061613082886,8.103391451186326e-07,8.103391451186326e-07,0.26825979351997375,0.0015348041197285056,0.09001386165618896,2.3099753221345054e-09,0.024963123723864555
1249_0.79_0.56.png,31.98809814453125,32.36623764038086,0.3781394958496094,0.99798583984375,0.9980767965316772,9.09566879272461e-05,0.018140554428100586,0.024805068969726562,none,,False,0.6488416790962219,0.014770152047276497,,,0.9620915651321411,,,,,,,,,,,,,,,,,,,,,,,,,,,,,,,,,,,,,,,,,,,fallback,1249_0.79_0.56.png,True,0.6488416790962219,0.014770152047276497,0.79934161901474,1.1723101139068604,0.9620915651321411,0.5161125659942627,0.5531283617019653,0.5369682312011719,0.1676322966814041,0.0042952424846589565,0.015394002199172974,0.008416485041379929,0.4489220082759857,0.4843995273113251,0.4709194600582123,0.15923790633678436,0.0013943992089480162,0.0011366138933226466,0.0005364271928556263,0.2757883071899414,0.2493237853050232,0.30051174759864807,0.08479908853769302,0.954292893409729,0.960722804069519,0.015272775664925575,0.9546836018562317,0.9559861421585083,0.004412438254803419,0.9520612359046936,0.9522101879119873,0.001465909881517291,0.0,0.0007579735829494894,0.07911184430122375,0.0038426867686212063,0.016993753612041473,0.9501376152038574,0.05707453191280365,0.2166164070367813,7.094818101904821e-07,7.094818101904821e-07,0.3003082871437073,0.0007579735829494894,0.07911184430122375,1.0717534637549875e-09,0.024880029261112213
1252_0.78_0.78.png,30.536500930786133,30.7822208404541,0.24571990966796875,0.9972564578056335,0.9973339438438416,7.748603820800781e-05,0.018078327178955078,0.02499866485595703,none,,False,0.6774904727935791,0.013926483690738678,,,0.9673203229904175,,,,,,,,,,,,,,,,,,,,,,,,,,,,,,,,,,,,,,,,,,,fallback,1252_0.78_0.78.png,True,0.6774904727935791,0.013926483690738678,0.7946728467941284,1.1632682085037231,0.9673203229904175,0.5159598588943481,0.5530584454536438,0.536827027797699,0.1676979511976242,0.004276188090443611,0.01528729684650898,0.008312861435115337,0.44903460144996643,0.48449191451072693,0.47103703022003174,0.1593293845653534,0.0013934338930994272,0.0011338890762999654,0.0005338154733181,0.25328531861305237,0.24062961339950562,0.3054966628551483,0.08429411053657532,0.9541653394699097,0.9606525301933289,0.014859974384307861,0.9546692967414856,0.9559177160263062,0.004253116901963949,0.9520605206489563,0.9522097706794739,0.0014718619640916586,0.0,0.0006482796161435544,0.07215022295713425,0.0035595414228737354,0.01597747951745987,0.9500871300697327,0.05250979959964752,0.2066461741924286,6.884008598717628e-07,6.884008598717628e-07,0.3053056299686432,0.0006482796161435544,0.07215022295713425,9.27624643765057e-10,0.024828685447573662
1263_0.9_1.41.png,33.72791290283203,33.871238708496094,0.1433258056640625,0.9954624176025391,0.9954580068588257,-4.410743713378906e-06,0.01820516586303711,0.02510547637939453,none,,False,0.7882615923881531,0.008570990525186062,,,0.988235354423523,,,,,,,,,,,,,,,,,,,,,,,,,,,,,,,,,,,,,,,,,,,fallback,1263_0.9_1.41.png,True,0.7882615923881531,0.008570990525186062,0.5178444385528564,1.4595433473587036,0.988235354423523,0.5347487926483154,0.5561414361000061,0.5551878809928894,0.16676364839076996,0.0048253219574689865,0.019311919808387756,0.010750866495072842,0.453858882188797,0.48321035504341125,0.4761478900909424,0.1580783873796463,0.0013469834811985493,0.0010406210785731673,0.0004891498247161508,0.21691973507404327,0.22370785474777222,0.28352227807044983,0.05383334681391716,0.9540950655937195,0.9598535299301147,0.011304393410682678,0.9547139406204224,0.9558095335960388,0.0038573413621634245,0.952073872089386,0.9522148370742798,0.0015550903044641018,0.0,0.00038645078893750906,0.05756046995520592,0.00174509990029037,0.012636241503059864,0.9500248432159424,0.039579618722200394,0.17409400641918182,6.710369575557706e-07,6.710369575557706e-07,0.2833975553512573,0.00038645078893750906,0.05756046995520592,5.932825342114256e-10,0.02444857358932495
1264_0.84_1.05.png,36.03941345214844,36.10234069824219,0.06292724609375,0.9973793029785156,0.997351884841919,-2.7418136596679688e-05,0.01808953285217285,0.024836301803588867,none,,False,0.7549505233764648,0.01008523814380169,,,0.9843137264251709,,,,,,,,,,,,,,,,,,,,,,,,,,,,,,,,,,,,,,,,,,,fallback,1264_0.84_1.05.png,True,0.7549505233764648,0.01008523814380169,0.5210255980491638,1.4908826351165771,0.9843137264251709,0.5346771478652954,0.5560665726661682,0.5551133155822754,0.1667805016040802,0.004825568292289972,0.019314514473080635,0.010798892006278038,0.4538058340549469,0.48381590843200684,0.47609227895736694,0.1581038534641266,0.0013467463431879878,0.0010400278260931373,0.0004888919647783041,0.2627454698085785,0.25022605061531067,0.2745721638202667,0.05893531069159508,0.9543142914772034,0.9592468738555908,0.011539707891643047,0.9547556042671204,0.9558922052383423,0.004003476817160845,0.9520742297172546,0.9522145390510559,0.0015384709695354104,0.0,0.0004911154974251986,0.05836040899157524,0.0021033654920756817,0.01362460944801569,0.950090229511261,0.04530836641788483,0.17680542171001434,6.623632202717999e-07,6.623632202717999e-07,0.2744280993938446,0.0004911154974251986,0.05836040899157524,6.993499668261904e-10,0.024824080988764763
1265_0.62_1.32.png,39.98099136352539,40.803077697753906,0.8220863342285156,0.9972056150436401,0.9972862601280212,8.064508438110352e-05,0.018041610717773438,0.03518390655517578,none,,False,0.5154075026512146,0.014761868864297867,,,0.8745098114013672,,,,,,,,,,,,,,,,,,,,,,,,,,,,,,,,,,,,,,,,,,,fallback,1265_0.62_1.32.png,True,0.5154075026512146,0.014761868864297867,0.7590547800064087,1.2622730731964111,0.8745098114013672,0.5218968987464905,0.5562492609024048,0.5422388911247253,0.16672725975513458,0.004446337930858135,0.017123881727457047,0.009314961731433868,0.4420677125453949,0.4836761951446533,0.46376657485961914,0.1580355167388916,0.0013290955685079098,0.0010145193664357066,0.00046120863407850266,0.28404220938682556,0.24773134291172028,0.3200112283229828,0.08590242266654968,0.9538231492042542,0.9603782296180725,0.012672560289502144,0.9546530842781067,0.9556870460510254,0.0035389987751841545,0.9520750641822815,0.9522998929023743,0.0014860224910080433,0.0,0.0007623664569109678,0.04226602613925934,0.0029296875,0.018898366019129753,0.950205385684967,0.06317873299121857,0.20379328727722168,1.0870054438782972e-06,1.0870054438782972e-06,0.31985121965408325,0.0007623664569109678,0.04226602613925934,1.132836602302234e-09,0.024941597133874893
1271_0.65_1.66.png,34.391239166259766,34.12461853027344,-0.2666206359863281,0.9940774440765381,0.9939314723014832,-0.00014597177505493164,0.018108606338500977,0.026052236557006836,none,,False,0.6478142142295837,0.014057625085115433,,,0.9934641122817993,,,,,,,,,,,,,,,,,,,,,,,,,,,,,,,,,,,,,,,,,,,fallback,1271_0.65_1.66.png,True,0.6478142142295837,0.014057625085115433,1.1080210208892822,1.3766754865646362,0.9934641122817993,0.5133036375045776,0.5526455044746399,0.534447968006134,0.16777750849723816,0.0042430623434484005,0.014232613146305084,0.00774022564291954,0.45299625396728516,0.48498791456222534,0.47517114877700806,0.15942879021167755,0.0014412547461688519,0.0012289084261283278,0.0005833864561282098,0.28917196393013,0.2909907102584839,0.300914466381073,0.09007123112678528,0.9538499116897583,0.9611769318580627,0.009737392887473106,0.9546241760253906,0.9556258320808411,0.00349734490737319,0.9520622491836548,0.9522682428359985,0.0014821619261056185,0.0,0.0009116691071540117,0.08095718920230865,0.0037213386967778206,0.017873208969831467,0.9501651525497437,0.060940563678741455,0.18911179900169373,8.119657763927535e-07,8.119657763927535e-07,0.30074143409729004,0.0009116691071540117,0.08095718920230865,1.388340553631906e-09,0.02461756207048893
1273_0.96_1.43.png,28.534955978393555,28.864328384399414,0.3293724060058594,0.9939796328544617,0.9941851496696472,0.00020551681518554688,0.018210411071777344,0.025881052017211914,none,,False,0.6827247738838196,0.015353088267147541,,,0.9960784316062927,,,,,,,,,,,,,,,,,,,,,,,,,,,,,,,,,,,,,,,,,,,fallback,1273_0.96_1.43.png,True,0.6827247738838196,0.015353088267147541,1.3911925554275513,1.654210090637207,0.9960784316062927,0.5175448060035706,0.5567564964294434,0.5387477874755859,0.16662299633026123,0.004505466669797897,0.015612299554049969,0.008541391231119633,0.4581526815891266,0.4846870005130768,0.48058074712753296,0.15788812935352325,0.001475549302995205,0.001296869944781065,0.0006193200242705643,0.2764626741409302,0.26318156719207764,0.26813164353370667,0.06019528582692146,0.9535824060440063,0.9604933857917786,0.012341674417257309,0.9545217156410217,0.9557319283485413,0.0037826166953891516,0.9520604014396667,0.9522087574005127,0.0015730330487713218,0.0,0.0011044160928577185,0.08740943670272827,0.009407359175384045,0.01698564551770687,0.9500694870948792,0.05641183257102966,0.26206937432289124,7.369513355115487e-07,7.369513355115487e-07,0.26794835925102234,0.0011044160928577185,0.08740943670272827,2.0286041735317895e-09,0.024982454255223274
128_0.54_0.89.png,35.1279411315918,35.40126037597656,0.2733192443847656,0.9967703819274902,0.9968130588531494,4.267692565917969e-05,0.01831674575805664,0.024724483489990234,none,,False,0.49429383873939514,0.02830931544303894,,,1.0,,,,,,,,,,,,,,,,,,,,,,,,,,,,,,,,,,,,,,,,,,,fallback,128_0.54_0.89.png,True,0.49429383873939514,0.02830931544303894,2.8839969635009766,2.8995883464813232,1.0,0.5138424634933472,0.5551009774208069,0.5352388620376587,0.16707180440425873,0.004254612140357494,0.01432744413614273,0.00786879938095808,0.4592798948287964,0.4847501814365387,0.4817483723163605,0.15849968791007996,0.0014689419185742736,0.001258578384295106,0.0006099400925450027,0.6061594486236572,0.27385514974594116,0.2050178200006485,0.0764857679605484,0.9548172950744629,0.9604741930961609,0.018891427665948868,0.954637348651886,0.9566577076911926,0.004398912191390991,0.9520547389984131,0.9523000121116638,0.001470105373300612,0.0,0.0020058131776750088,0.07867513597011566,0.007061298005282879,0.023730939254164696,0.9504982233047485,0.10118692368268967,0.243759423494339,6.970034291953198e-07,6.970034291953198e-07,0.20469726622104645,0.0020058131776750088,0.07867513597011566,2.5189523800150937e-09,0.024946780875325203
1294_0.51_1.96.png,35.46691131591797,35.86084747314453,0.3939361572265625,0.995711088180542,0.9957348704338074,2.378225326538086e-05,0.01808929443359375,0.024770021438598633,none,,False,0.49991273880004883,0.012268978171050549,,,0.9960784316062927,,,,,,,,,,,,,,,,,,,,,,,,,,,,,,,,,,,,,,,,,,,fallback,1294_0.51_1.96.png,True,0.49991273880004883,0.012268978171050549,0.8391058444976807,1.277719259262085,0.9960784316062927,0.5158528685569763,0.5528988242149353,0.5366400480270386,0.16761936247348785,0.00429326668381691,0.015653900802135468,0.008418846875429153,0.44566860795021057,0.4842686653137207,0.4675123393535614,0.1592254340648651,0.0013745364267379045,0.0010862410999834538,0.0005014701164327562,0.20933406054973602,0.2514321506023407,0.3425830006599426,0.0808015838265419,0.9538391828536987,0.9604369401931763,0.013711421750485897,0.9544952511787415,0.9555180668830872,0.004437949508428574,0.9520659446716309,0.9523330926895142,0.001436568913049996,0.0,0.0010098242200911045,0.061454158276319504,0.0037906805519014597,0.02141387201845646,0.9502653479576111,0.07339633256196976,0.1864027976989746,1.0255818096993607e-06,1.0255818096993607e-06,0.34244999289512634,0.0010098242200911045,0.061454158276319504,1.5242387352287778e-09,0.024979474022984505
1295_0.76_1.32.png,33.428775787353516,33.76667404174805,0.33789825439453125,0.9966656565666199,0.9967397451400757,7.408857345581055e-05,0.018213987350463867,0.024672269821166992,none,,False,0.6156061887741089,0.01445779949426651,,,0.9973856806755066,,,,,,,,,,,,,,,,,,,,,,,,,,,,,,,,,,,,,,,,,,,fallback,1295_0.76_1.32.png,True,0.6156061887741089,0.01445779949426651,0.8675523996353149,1.311488151550293,0.9973856806755066,0.5148264765739441,0.5519728064537048,0.5356476902961731,0.16790136694908142,0.004234435968101025,0.015321385115385056,0.008269958198070526,0.4456530213356018,0.484320729970932,0.4674929082393646,0.15959085524082184,0.0013731734361499548,0.0010788643267005682,0.0005022918921895325,0.24557414650917053,0.25527769327163696,0.33166369795799255,0.08409812301397324,0.9539061784744263,0.9596157670021057,0.01475493609905243,0.954653799533844,0.9556831121444702,0.003837255761027336,0.9520612359046936,0.9522492289543152,0.0014500954421237111,0.0,0.0007913371082395315,0.06541507691144943,0.003686667885631323,0.01750069297850132,0.9500911235809326,0.05867134407162666,0.19538463652133942,8.128077411129198e-07,8.128077411129198e-07,0.3315208852291107,0.0007913371082395315,0.06541507691144943,1.186983622503135e-09,0.02499803900718689
129_0.95_1.3.png,37.97768020629883,38.33966064453125,0.3619804382324219,0.9971017837524414,0.9971426725387573,4.088878631591797e-05,0.01807236671447754,0.024709463119506836,none,,False,0.8167012929916382,0.011680033057928085,,,0.9986928701400757,,,,,,,,,,,,,,,,,,,,,,,,,,,,,,,,,,,,,,,,,,,fallback,129_0.95_1.3.png,True,0.8167012929916382,0.011680033057928085,0.8368831872940063,1.324684977531433,0.9986928701400757,0.5234400033950806,0.5539514422416687,0.5441104173660278,0.16727887094020844,0.004284244496375322,0.01605634018778801,0.008827846497297287,0.45091989636421204,0.48356351256370544,0.4730384349822998,0.1587747037410736,0.0013438514433801174,0.0010160155361518264,0.0004780006129294634,0.19178420305252075,0.215750053524971,0.3123137056827545,0.07089845836162567,0.9539444446563721,0.9582331776618958,0.013941426761448383,0.9546487331390381,0.9559196829795837,0.0038018596824258566,0.9520661234855652,0.9522066116333008,0.0014799089403823018,0.0,0.00047449400881305337,0.0396379716694355,0.0032012758310884237,0.013353227637708187,0.9499499201774597,0.040682293474674225,0.18762706220149994,7.259472454279603e-07,7.259472454279603e-07,0.31217628717422485,0.00047449400881305337,0.0396379716694355,7.715005301278666e-10,0.024946261197328568
1306_0.6_0.6.png,37.31774139404297,37.29972457885742,-0.018016815185546875,0.998109757900238,0.9981057047843933,-4.0531158447265625e-06,0.018096446990966797,0.025008678436279297,none,,False,0.4786645770072937,0.01635252870619297,,,0.97124183177948,,,,,,,,,,,,,,,,,,,,,,,,,,,,,,,,,,,,,,,,,,,fallback,1306_0.6_0.6.png,True,0.4786645770072937,0.01635252870619297,1.3841705322265625,1.657160997390747,0.97124183177948,0.5193926095962524,0.5571463108062744,0.5404181480407715,0.16653521358966827,0.004317553713917732,0.01507793553173542,0.008341995067894459,0.45479854941368103,0.4842364490032196,0.4770797789096832,0.1577661782503128,0.001421107561327517,0.0011957098031416535,0.0005631210515275598,0.3450833857059479,0.2270582914352417,0.27996209263801575,0.05250592902302742,0.9542937278747559,0.9602251052856445,0.01056864857673645,0.9546627402305603,0.955549418926239,0.0037590963765978813,0.9520642757415771,0.952284038066864,0.0014589634956791997,0.0,0.0017001505475491285,0.06684793531894684,0.0064314440824091434,0.02364477515220642,0.9503368139266968,0.0843600407242775,0.2298150509595871,8.039994554565055e-07,8.039994554565055e-07,0.27980318665504456,0.0017001505475491285,0.06684793531894684,2.0350372498256775e-09,0.02499520778656006
130_0.78_0.91.png,42.07854461669922,42.13842010498047,0.05987548828125,0.9988619089126587,0.9988648295402527,2.9206275939941406e-06,0.018061399459838867,0.024591445922851562,none,,False,0.7399508953094482,0.014353510923683643,,,0.9947712421417236,,,,,,,,,,,,,,,,,,,,,,,,,,,,,,,,,,,,,,,,,,,fallback,130_0.78_0.91.png,True,0.7399508953094482,0.014353510923683643,0.8542026281356812,1.337327003479004,0.9947712421417236,0.5230392813682556,0.5541144013404846,0.5437089204788208,0.16723236441612244,0.004288321826606989,0.016041677445173264,0.008863630704581738,0.4507499635219574,0.48381170630455017,0.47285959124565125,0.15871606767177582,0.0013464727671816945,0.0010233006905764341,0.00048039964167401195,0.22995324432849884,0.22969719767570496,0.32745563983917236,0.08001674711704254,0.9541434049606323,0.9587336778640747,0.013982885517179966,0.9547176957130432,0.9557775259017944,0.0038086846470832825,0.9520680904388428,0.9522299766540527,0.0014511796180158854,0.0,0.0006206705584190786,0.045621585100889206,0.003519092220813036,0.015239999629557133,0.9500608444213867,0.048902105540037155,0.20936664938926697,7.756441391393309e-07,7.756441391393309e-07,0.32730647921562195,0.0006206705584190786,0.045621585100889206,9.296495240285196e-10,0.024991614744067192
1312_0.62_0.6.png,40.76702117919922,40.888771057128906,0.1217498779296875,0.9985916018486023,0.9984626770019531,-0.00012892484664916992,0.019126415252685547,0.02479243278503418,none,,False,0.45112475752830505,0.008802799507975578,,,0.9777778387069702,,,,,,,,,,,,,,,,,,,,,,,,,,,,,,,,,,,,,,,,,,,fallback,1312_0.62_0.6.png,True,0.45112475752830505,0.008802799507975578,1.789125680923462,2.5009407997131348,0.9777778387069702,0.5216878652572632,0.5561411380767822,0.5427168607711792,0.16676343977451324,0.004546117503196001,0.01627519726753235,0.00896067451685667,0.45663633942604065,0.4843938946723938,0.47900789976119995,0.15807847678661346,0.0014402031665667892,0.0012278694193810225,0.0005817583878524601,0.4135322868824005,0.26956138014793396,0.25807520747184753,0.07524072378873825,0.9540285468101501,0.9585214853286743,0.01049295999109745,0.9546812176704407,0.9557039141654968,0.004047070164233446,0.9520621299743652,0.9522411823272705,0.001495455508120358,0.0,0.0018360354006290436,0.07640910148620605,0.010632396675646305,0.023754671216011047,0.9503276944160461,0.08965487778186798,0.24004524946212769,7.109749731171178e-07,7.109749731171178e-07,0.25790169835090637,0.0018360354006290436,0.07640910148620605,2.2756656559153043e-09,0.024994514882564545
1313_0.75_1.8.png,36.11142349243164,36.01673889160156,-0.09468460083007812,0.9914802312850952,0.9913867712020874,-9.34600830078125e-05,0.018069982528686523,0.024992704391479492,none,,False,0.6811371445655823,0.0063312239944934845,,,0.988235354423523,,,,,,,,,,,,,,,,,,,,,,,,,,,,,,,,,,,,,,,,,,,fallback,1313_0.75_1.8.png,True,0.6811371445655823,0.0063312239944934845,1.8526519536972046,2.391329526901245,0.988235354423523,0.51588374376297,0.5542150139808655,0.5368888974189758,0.16724462807178497,0.004337047692388296,0.015217005275189877,0.00818901788443327,0.45217666029930115,0.484421968460083,0.4743242561817169,0.15909548103809357,0.0014219864970073104,0.0011908861342817545,0.0005627223872579634,0.20460641384124756,0.2025475651025772,0.2778463363647461,0.06256665289402008,0.9533552527427673,0.9580718874931335,0.009257093071937561,0.9544539451599121,0.9557385444641113,0.003857560455799103,0.9520679116249084,0.9522338509559631,0.0016040229238569736,0.0,0.00059451226843521,0.08219888806343079,0.005281527526676655,0.014487926848232746,0.9499891996383667,0.04343012720346451,0.2577250599861145,8.120321695059829e-07,8.120321695059829e-07,0.2777266800403595,0.00059451226843521,0.08219888806343079,9.819191015836282e-10,0.024969154968857765
1314_0.66_0.77.png,40.651588439941406,40.597137451171875,-0.05445098876953125,0.997016429901123,0.9969298839569092,-8.654594421386719e-05,0.01798081398010254,0.025549650192260742,none,,False,0.5072678327560425,0.010245507583022118,,,0.9803921580314636,,,,,,,,,,,,,,,,,,,,,,,,,,,,,,,,,,,,,,,,,,,fallback,1314_0.66_0.77.png,True,0.5072678327560425,0.010245507583022118,1.9245401620864868,2.4880216121673584,0.9803921580314636,0.516211211681366,0.5545341372489929,0.5371973514556885,0.16715934872627258,0.004344355780631304,0.015279757790267467,0.008266804739832878,0.45208579301834106,0.48441609740257263,0.4742305278778076,0.15898257493972778,0.0014200666919350624,0.001188799156807363,0.0005601213197223842,0.351176917552948,0.23021534085273743,0.25695931911468506,0.06352753937244415,0.9538484215736389,0.960070788860321,0.0096427658572793,0.954619824886322,0.9556705951690674,0.003874694462865591,0.9520632028579712,0.9522185921669006,0.001500393496826291,0.0,0.0013502935180440545,0.08191584795713425,0.0058478182181715965,0.021418372169137,0.9502378106117249,0.07532998919487,0.2575063705444336,6.495412776530429e-07,6.495412776530429e-07,0.2567988634109497,0.0013502935180440545,0.08191584795713425,1.5659119556588053e-09,0.024991733953356743
131_0.69_1.1.png,39.95216751098633,39.816619873046875,-0.13554763793945312,0.9984001517295837,0.9983834028244019,-1.6748905181884766e-05,0.01815199851989746,0.025063037872314453,none,,False,0.7223513126373291,0.013648517429828644,,,0.9908496737480164,,,,,,,,,,,,,,,,,,,,,,,,,,,,,,,,,,,,,,,,,,,fallback,131_0.69_1.1.png,True,0.7223513126373291,0.013648517429828644,0.8498619794845581,1.327712893486023,0.9908496737480164,0.5227779746055603,0.5538105964660645,0.543458878993988,0.16731339693069458,0.004268107004463673,0.015935534611344337,0.008779622614383698,0.4507882297039032,0.48354268074035645,0.47289878129959106,0.1588226705789566,0.0013453970896080136,0.0010198029922321439,0.00047641145647503436,0.2155802994966507,0.22657135128974915,0.33564162254333496,0.08063797652721405,0.9540367722511292,0.9585406184196472,0.013317803852260113,0.9546982645988464,0.9557161331176758,0.003696221159771085,0.9520686268806458,0.9522483348846436,0.0014410159783437848,0.0,0.000610695977229625,0.04442940652370453,0.003432414960116148,0.015623124316334724,0.9500740766525269,0.04992978274822235,0.2039516121149063,8.261134212261823e-07,8.261134212261823e-07,0.33549848198890686,0.000610695977229625,0.04442940652370453,9.156295166512507e-10,0.024997862055897713
1326_0.77_0.97.png,40.1898193359375,40.24605178833008,0.056232452392578125,0.9979851245880127,0.9979560375213623,-2.9087066650390625e-05,0.018217086791992188,0.025203943252563477,none,,False,0.6093814969062805,0.0121405478566885,,,0.988235354423523,,,,,,,,,,,,,,,,,,,,,,,,,,,,,,,,,,,,,,,,,,,fallback,1326_0.77_0.97.png,True,0.6093814969062805,0.0121405478566885,2.1274073123931885,2.535672426223755,0.988235354423523,0.5193219780921936,0.5547130703926086,0.5404316186904907,0.1668081283569336,0.004181817639619112,0.014547969214618206,0.007930475287139416,0.45708614587783813,0.48460084199905396,0.47947561740875244,0.15818801522254944,0.0014063322450965643,0.0011464868439361453,0.0005440707900561392,0.29334771633148193,0.22104676067829132,0.27887365221977234,0.06309487670660019,0.9536550045013428,0.9591194987297058,0.009813121519982815,0.9545842409133911,0.9555661082267761,0.003605265635997057,0.9520631432533264,0.9522402286529541,0.001506977598182857,0.0,0.0007432104321196675,0.09451533854007721,0.003964034840464592,0.0167680736631155,0.9501152038574219,0.05529234930872917,0.22346626222133636,6.715937956869311e-07,6.715937956869311e-07,0.2787278890609741,0.0007432104321196675,0.09451533854007721,1.2127102655412614e-09,0.024942925199866295
1328_0.72_1.11.png,40.60355758666992,40.65925216674805,0.055694580078125,0.9979441165924072,0.9979161620140076,-2.7954578399658203e-05,0.018246173858642578,0.024944305419921875,none,,False,0.6139978170394897,0.011630494147539139,,,0.9895424842834473,,,,,,,,,,,,,,,,,,,,,,,,,,,,,,,,,,,,,,,,,,,fallback,1328_0.72_1.11.png,True,0.6139978170394897,0.011630494147539139,2.1212265491485596,2.5316529273986816,0.9895424842834473,0.5193684697151184,0.5546372532844543,0.5404785871505737,0.16683490574359894,0.004176693968474865,0.014528898522257805,0.007909202948212624,0.4571303129196167,0.48449352383613586,0.47952207922935486,0.1582334339618683,0.0014054662315174937,0.0011443848488852382,0.0005429807933978736,0.278076171875,0.2213272601366043,0.28597941994667053,0.06648805737495422,0.9535993933677673,0.9592202305793762,0.00972219742834568,0.9545607566833496,0.9555503129959106,0.0035580017138272524,0.9520636796951294,0.9522491097450256,0.0015093758702278137,0.0,0.0007016885210759938,0.09264623373746872,0.003929364029318094,0.01647338457405567,0.9501029253005981,0.05367867276072502,0.2218473255634308,7.030017741271877e-07,7.030017741271877e-07,0.28583821654319763,0.0007016885210759938,0.09264623373746872,1.1718989112452505e-09,0.024935107678174973
1336_0.6_0.63.png,40.277565002441406,40.816349029541016,0.5387840270996094,0.9984827041625977,0.9985190629959106,3.635883331298828e-05,0.018036603927612305,0.0362091064453125,none,,False,0.40682917833328247,0.02048250287771225,,,0.9973856806755066,,,,,,,,,,,,,,,,,,,,,,,,,,,,,,,,,,,,,,,,,,,fallback,1336_0.6_0.63.png,True,0.40682917833328247,0.02048250287771225,3.0158400535583496,1.8690834045410156,0.9973856806755066,0.49396100640296936,0.5520707964897156,0.5158212780952454,0.16763153672218323,0.004219856578856707,0.011896836571395397,0.006211158353835344,0.4554117023944855,0.48482516407966614,0.4776303172111511,0.1596357524394989,0.0015959760639816523,0.0015611412236467004,0.0007473269943147898,0.5851446986198425,0.19778835773468018,0.2253027707338333,0.0496867373585701,0.9542068243026733,0.9596384167671204,0.013374616391956806,0.9545189142227173,0.9557324647903442,0.003835206851363182,0.9520412087440491,0.9522436857223511,0.0014656815910711884,0.0,0.0024405610747635365,0.08212484419345856,0.007696930784732103,0.028443528339266777,0.9504697322845459,0.1126105859875679,0.22455421090126038,5.016901241106098e-07,5.016901241106098e-07,0.22506718337535858,0.0024405610747635365,0.08212484419345856,2.3448774033596465e-09,0.02493436634540558
1346_0.77_1.14.png,33.5579833984375,34.31330490112305,0.7553215026855469,0.9963635206222534,0.9965841770172119,0.0002206563949584961,0.02058720588684082,0.025873184204101562,none,,False,0.6487441658973694,0.012946967035531998,,,0.9581699371337891,,,,,,,,,,,,,,,,,,,,,,,,,,,,,,,,,,,,,,,,,,,fallback,1346_0.77_1.14.png,True,0.6487441658973694,0.012946967035531998,0.5092517733573914,0.8978047966957092,0.9581699371337891,0.5182226300239563,0.5495604276657104,0.5392776131629944,0.16892196238040924,0.004271771293133497,0.015259300358593464,0.008259562775492668,0.454500287771225,0.48461559414863586,0.4767642021179199,0.1608808934688568,0.0013922360958531499,0.0011007298016920686,0.0005263617495074868,0.20562125742435455,0.2360326498746872,0.33585429191589355,0.07996249198913574,0.9537837505340576,0.959821343421936,0.01511583011597395,0.9546298384666443,0.9560463428497314,0.004295415710657835,0.9520599842071533,0.9522149562835693,0.0014854316832497716,0.0,0.0007081107469275594,0.07275165617465973,0.0025483081117272377,0.01639409363269806,0.9500414133071899,0.0540071539580822,0.21526466310024261,8.221534812946629e-07,8.221534812946629e-07,0.33571016788482666,0.0007081107469275594,0.07275165617465973,8.647847438147949e-10,0.024922870099544525
134_0.82_1.41.png,34.7696647644043,34.525146484375,-0.24451828002929688,0.9926795959472656,0.99245285987854,-0.00022673606872558594,0.018434762954711914,0.025415658950805664,none,,False,0.7513052821159363,0.010474031791090965,,,0.9986928701400757,,,,,,,,,,,,,,,,,,,,,,,,,,,,,,,,,,,,,,,,,,,fallback,134_0.82_1.41.png,True,0.7513052821159363,0.010474031791090965,0.8750515580177307,1.1850919723510742,0.9986928701400757,0.5206121802330017,0.5572746992111206,0.5414928793907166,0.16653648018836975,0.004431030247360468,0.015803439542651176,0.008719388395547867,0.45187702775001526,0.4848567247390747,0.4740245044231415,0.1577645242214203,0.0014111649943515658,0.001183480373583734,0.0005595861584879458,0.2532908320426941,0.2492195963859558,0.26879674196243286,0.057804349809885025,0.9536774754524231,0.9577599167823792,0.010812513530254364,0.9545607566833496,0.9555949568748474,0.0040129562839865685,0.9520663619041443,0.9522184133529663,0.0015419559786096215,0.0,0.0007434017607010901,0.07609114795923233,0.003773345146328211,0.015133772045373917,0.9500405192375183,0.04826037958264351,0.22521008551120758,7.388990752588143e-07,7.388990752588143e-07,0.26866593956947327,0.0007434017607010901,0.07609114795923233,1.0076353085253231e-09,0.024790966883301735
1353_0.71_1.79.png,32.61348342895508,32.701560974121094,0.08807754516601562,0.9834312200546265,0.9836021661758423,0.0001709461212158203,0.018127918243408203,0.024579286575317383,none,,False,0.6471643447875977,0.006487349979579449,,,0.9660131335258484,,,,,,,,,,,,,,,,,,,,,,,,,,,,,,,,,,,,,,,,,,,fallback,1353_0.71_1.79.png,True,0.6471643447875977,0.006487349979579449,1.0648422241210938,1.1015337705612183,0.9660131335258484,0.5185267925262451,0.5491030216217041,0.5395990610122681,0.16865292191505432,0.0035930864978581667,0.012087109498679638,0.006550321821123362,0.4544169008731842,0.482674241065979,0.47668343782424927,0.16054704785346985,0.0013210708275437355,0.0009499744046479464,0.00045192340621724725,0.2723380923271179,0.2457277625799179,0.2920120656490326,0.08876952528953552,0.9535795450210571,0.9588228464126587,0.008813103660941124,0.9544801712036133,0.9555894136428833,0.0030253722798079252,0.9520677328109741,0.9523081183433533,0.0015038701239973307,0.0,0.000734182889573276,0.05437605828046799,0.0036751111038029194,0.01672503538429737,0.950068473815918,0.05472836643457413,0.2718055546283722,8.931042430049274e-07,8.931042430049274e-07,0.29189538955688477,0.000734182889573276,0.05437605828046799,7.594698758772722e-10,0.024998486042022705
1364_0.75_1.75.png,31.291675567626953,31.15704345703125,-0.13463211059570312,0.9894338846206665,0.9891114234924316,-0.0003224611282348633,0.01794147491455078,0.02472400665283203,none,,False,0.6810485124588013,0.012202869169414043,,,0.988235354423523,,,,,,,,,,,,,,,,,,,,,,,,,,,,,,,,,,,,,,,,,,,fallback,1364_0.75_1.75.png,True,0.6810485124588013,0.012202869169414043,1.1530406475067139,1.3723418712615967,0.988235354423523,0.5138087272644043,0.554806113243103,0.5349151492118835,0.16706621646881104,0.004341940861195326,0.015117493458092213,0.00811035931110382,0.45275914669036865,0.48465704917907715,0.4749261736869812,0.1584915667772293,0.0014375622849911451,0.0012161515187472105,0.000576002465095371,0.28162670135498047,0.2505987584590912,0.27021315693855286,0.07699503004550934,0.9536835551261902,0.9583173394203186,0.010291295126080513,0.9544993042945862,0.955407977104187,0.003641854738816619,0.9520623087882996,0.9522567987442017,0.0015620156191289425,0.0,0.0009318633237853646,0.08529895544052124,0.005194850265979767,0.016348915174603462,0.9500755071640015,0.054107051342725754,0.24213969707489014,6.667332854704e-07,6.667332854704e-07,0.2700769603252411,0.0009318633237853646,0.08529895544052124,1.3126205677949088e-09,0.024975858628749847
1368_0.91_1.94.png,34.620670318603516,34.44740676879883,-0.1732635498046875,0.9945100545883179,0.994482159614563,-2.7894973754882812e-05,0.01800704002380371,0.02482914924621582,none,,False,0.690339982509613,0.014569438062608242,,,0.9633986949920654,,,,,,,,,,,,,,,,,,,,,,,,,,,,,,,,,,,,,,,,,,,fallback,1368_0.91_1.94.png,True,0.690339982509613,0.014569438062608242,1.3426079750061035,1.6372601985931396,0.9633986949920654,0.5159924030303955,0.5525429248809814,0.5369595885276794,0.16772815585136414,0.003972149454057217,0.0137729337438941,0.007453231606632471,0.45007219910621643,0.4845323860645294,0.47212329506874084,0.15936829149723053,0.0013644204009324312,0.0010568416910246015,0.0004996526404283941,0.28458526730537415,0.2652759253978729,0.2858916223049164,0.06562153995037079,0.953766405582428,0.9609289765357971,0.010141400620341301,0.9545503854751587,0.9561287760734558,0.0035952641628682613,0.9520635604858398,0.9522492289543152,0.0014813243178650737,0.0,0.0007702992879785597,0.04572203755378723,0.0037964589428156614,0.016174864023923874,0.9500752687454224,0.05347660556435585,0.1913665235042572,7.091376232892799e-07,7.091376232892799e-07,0.2857312262058258,0.0007702992879785597,0.04572203755378723,9.8129160353011e-10,0.024942083284258842
1374_0.91_1.06.png,40.31964874267578,40.49686813354492,0.17721939086914062,0.9970201849937439,0.9970256090164185,5.424022674560547e-06,0.018149614334106445,0.024753808975219727,none,,False,0.6067798137664795,0.017352912575006485,,,0.9973856806755066,,,,,,,,,,,,,,,,,,,,,,,,,,,,,,,,,,,,,,,,,,,fallback,1374_0.91_1.06.png,True,0.6067798137664795,0.017352912575006485,1.0449565649032593,1.2894330024719238,0.9973856806755066,0.5195577144622803,0.5515486001968384,0.5402884483337402,0.16962485015392303,0.003912529908120632,0.014357744716107845,0.007801929488778114,0.45095184445381165,0.484883576631546,0.47306597232818604,0.16221585869789124,0.001305406098254025,0.0009167667012661695,0.0004409603716339916,0.266898512840271,0.19943538308143616,0.2672173082828522,0.07675892114639282,0.9534213542938232,0.960426926612854,0.013656345196068287,0.9545584321022034,0.9557263255119324,0.003906297497451305,0.9520682692527771,0.9522350430488586,0.0015212181024253368,0.0,0.0006893833051435649,0.06906864792108536,0.00313771259970963,0.016130520030856133,0.9500061273574829,0.050907451659440994,0.20053410530090332,1.0104424745804863e-06,1.0104424745804863e-06,0.26702404022216797,0.0006893833051435649,0.06906864792108536,1.0600432753804512e-09,0.02327919751405716
1377_0.5_0.79.png,39.192405700683594,39.075809478759766,-0.11659622192382812,0.9977869987487793,0.9977418780326843,-4.51207160949707e-05,0.01797628402709961,0.024600505828857422,none,,False,0.5739126801490784,0.010717333294451237,,,0.9725490808486938,,,,,,,,,,,,,,,,,,,,,,,,,,,,,,,,,,,,,,,,,,,fallback,1377_0.5_0.79.png,True,0.5739126801490784,0.010717333294451237,1.348182201385498,1.935257911682129,0.9725490808486938,0.5192972421646118,0.5541601777076721,0.5402770042419434,0.16728714108467102,0.004384281579405069,0.01579165831208229,0.00873133260756731,0.45492446422576904,0.48447123169898987,0.47721317410469055,0.1587877869606018,0.0014110556803643703,0.0011532988864928484,0.000547508243471384,0.44303688406944275,0.2995239198207855,0.25211194157600403,0.08191604912281036,0.9546402096748352,0.9600229859352112,0.013456691987812519,0.9546926021575928,0.9555227756500244,0.0041070180013775826,0.9520630240440369,0.9522432684898376,0.0014684193301945925,0.0,0.0015355348587036133,0.07134140282869339,0.006217640824615955,0.021340345963835716,0.9503437280654907,0.08416261523962021,0.21747004985809326,7.237957220240787e-07,7.237957220240787e-07,0.2519311308860779,0.0015355348587036133,0.07134140282869339,1.8398842449585118e-09,0.024894338101148605
137_0.96_1.92.png,34.947418212890625,34.92347717285156,-0.0239410400390625,0.9950925707817078,0.9951072931289673,1.4722347259521484e-05,0.019191741943359375,0.0248110294342041,none,,False,0.7689703702926636,0.01839461363852024,,,0.9973856806755066,,,,,,,,,,,,,,,,,,,,,,,,,,,,,,,,,,,,,,,,,,,fallback,137_0.96_1.92.png,True,0.7689703702926636,0.01839461363852024,1.5345661640167236,1.119707465171814,0.9973856806755066,0.5089463591575623,0.5526382923126221,0.529942512512207,0.16761794686317444,0.00346958264708519,0.011214779689908028,0.00596282072365284,0.44514745473861694,0.4826202690601349,0.466949462890625,0.15922266244888306,0.0013355630217120051,0.001011095242574811,0.00047032334259711206,0.24208244681358337,0.1656508594751358,0.2662057876586914,0.05324291065335274,0.9535270929336548,0.9587531685829163,0.009793221950531006,0.9545584321022034,0.9557322263717651,0.0033337560016661882,0.952065110206604,0.9522742629051208,0.0014933564234524965,0.0,0.0003246687410864979,0.043329715728759766,0.0012192585272714496,0.01330577116459608,0.9499887824058533,0.03814995661377907,0.14432573318481445,8.6973886936903e-07,8.6973886936903e-07,0.2660449147224426,0.0003246687410864979,0.043329715728759766,5.301985517291996e-10,0.02486466057598591
1380_0.67_1.78.png,32.8617057800293,32.74546813964844,-0.11623764038085938,0.9916264414787292,0.9914401769638062,-0.0001862645149230957,0.018187284469604492,0.024747848510742188,none,,False,0.6762559413909912,0.008050890639424324,,,0.9908496737480164,,,,,,,,,,,,,,,,,,,,,,,,,,,,,,,,,,,,,,,,,,,fallback,1380_0.67_1.78.png,True,0.6762559413909912,0.008050890639424324,1.337837815284729,1.9260869026184082,0.9908496737480164,0.5191763043403625,0.5537856221199036,0.5401753783226013,0.16739389300346375,0.004371125251054764,0.015709666535258293,0.008575711399316788,0.4551926553249359,0.4844948947429657,0.4774932563304901,0.1589270830154419,0.0014110180782154202,0.0011512095807120204,0.0005479025421664119,0.30795732140541077,0.3202973008155823,0.2758138179779053,0.09481590241193771,0.9540843963623047,0.9612532258033752,0.011090399697422981,0.954593300819397,0.9556270837783813,0.003998912870883942,0.9520615935325623,0.9522374272346497,0.001511044567450881,0.0,0.0012759064557030797,0.08871333301067352,0.019415680319070816,0.01756639964878559,0.95017409324646,0.0652528628706932,0.29699084162712097,7.174529628173332e-07,7.174529628173332e-07,0.27566441893577576,0.0012759064557030797,0.08871333301067352,2.4908424212100044e-09,0.024407124146819115
1382_0.57_1.88.png,36.1429557800293,36.1345329284668,-0.0084228515625,0.9979280829429626,0.9978567957878113,-7.128715515136719e-05,0.018192529678344727,0.02480936050415039,none,,False,0.5562174320220947,0.02919664978981018,,,0.9568628072738647,,,,,,,,,,,,,,,,,,,,,,,,,,,,,,,,,,,,,,,,,,,fallback,1382_0.57_1.88.png,True,0.5562174320220947,0.02919664978981018,2.223335027694702,1.9539741277694702,0.9568628072738647,0.5062909722328186,0.5545110702514648,0.5277503132820129,0.16713325679302216,0.00423178868368268,0.013424769043922424,0.0071787708438932896,0.4566320478916168,0.4847870469093323,0.4789542555809021,0.15858463943004608,0.001510724308900535,0.0013655259972438216,0.0006507920916192234,0.30170613527297974,0.2740277647972107,0.30876046419143677,0.08819150924682617,0.9537472724914551,0.9600111246109009,0.011626905761659145,0.9545414447784424,0.9554715156555176,0.0035963687114417553,0.9520599842071533,0.9524260759353638,0.0014753551222383976,0.0,0.0012695624027401209,0.06864593178033829,0.004108496941626072,0.02239660918712616,0.9503117203712463,0.07676369696855545,0.16269856691360474,1.039906123878609e-06,1.039906123878609e-06,0.30855587124824524,0.0012695624027401209,0.06864593178033829,1.9141175311432335e-09,0.02498483657836914
13_0.94_1.35.png,37.314090728759766,37.43201446533203,0.11792373657226562,0.9952239990234375,0.9953407645225525,0.00011676549911499023,0.01820540428161621,0.024864673614501953,none,,False,0.5338151454925537,0.01927742175757885,,,0.9973856806755066,,,,,,,,,,,,,,,,,,,,,,,,,,,,,,,,,,,,,,,,,,,fallback,13_0.94_1.35.png,True,0.5338151454925537,0.01927742175757885,1.8091212511062622,1.6113755702972412,0.9973856806755066,0.49167901277542114,0.5502327680587769,0.5131547451019287,0.1687733680009842,0.004773272667080164,0.014947822317481041,0.007821737788617611,0.44365859031677246,0.485095351934433,0.46531036496162415,0.16069985926151276,0.0016263047000393271,0.0016177964862436056,0.000762011157348752,0.4524398446083069,0.3186813294887543,0.23586075007915497,0.0738317146897316,0.9540994167327881,0.9583139419555664,0.013533202931284904,0.9547106623649597,0.9561044573783875,0.004495157394558191,0.9520440697669983,0.9523147344589233,0.001553474459797144,0.0,0.0027480123098939657,0.0932181179523468,0.013868343085050583,0.026972442865371704,0.9503684639930725,0.10233072191476822,0.24324436485767365,5.76712977817806e-07,5.76712977817806e-07,0.23564161360263824,0.0027480123098939657,0.0932181179523468,3.8208316510690565e-09,0.024876264855265617
1400_1.0_0.82.png,34.232994079589844,34.516658782958984,0.2836647033691406,0.9966904520988464,0.9967867732048035,9.632110595703125e-05,0.01822829246520996,0.02488851547241211,none,,False,0.6401051878929138,0.024152722209692,,,1.0,,,,,,,,,,,,,,,,,,,,,,,,,,,,,,,,,,,,,,,,,,,fallback,1400_1.0_0.82.png,True,0.6401051878929138,0.024152722209692,1.3149083852767944,1.5529329776763916,1.0,0.49300485849380493,0.5459545850753784,0.5137994885444641,0.17015087604522705,0.0040011173114180565,0.013139883056282997,0.006910558324307203,0.4314038157463074,0.4850209653377533,0.45250841975212097,0.16238513588905334,0.0014215799747034907,0.0012073901016265154,0.0005552468937821686,0.3675183355808258,0.2535977363586426,0.25469771027565,0.08214522898197174,0.9540886878967285,0.9604604840278625,0.015207509510219097,0.9546440243721008,0.955765426158905,0.004178185481578112,0.9520538449287415,0.9523230195045471,0.001444136374630034,0.0,0.0011669519590213895,0.06939458101987839,0.004079604521393776,0.019771097227931023,0.9501549005508423,0.068256676197052,0.220115527510643,7.793007057443901e-07,7.793007057443901e-07,0.2544192373752594,0.0011669519590213895,0.06939458101987839,1.4894682154320549e-09,0.024810349568724632
1408_0.96_0.53.png,43.38821029663086,43.89142990112305,0.5032196044921875,0.9989902377128601,0.998996913433075,6.67572021484375e-06,0.01819300651550293,0.0248410701751709,none,,False,0.5101161003112793,0.028573736548423767,,,0.9986928701400757,,,,,,,,,,,,,,,,,,,,,,,,,,,,,,,,,,,,,,,,,,,fallback,1408_0.96_0.53.png,True,0.5101161003112793,0.028573736548423767,1.180445909500122,1.2863729000091553,0.9986928701400757,0.4783359467983246,0.5455750226974487,0.49879157543182373,0.16579201817512512,0.004116805270314217,0.013338521122932434,0.006837950553745031,0.4182269275188446,0.48490598797798157,0.4386751055717468,0.15871946513652802,0.0014563018921762705,0.0012978881131857634,0.0005808573914691806,0.434812068939209,0.24985381960868835,0.2291652113199234,0.09010978043079376,0.9537519812583923,0.9600212574005127,0.013114788569509983,0.9546720385551453,0.9560180306434631,0.003957808483392,0.9520552754402161,0.9523593783378601,0.0014552713837474585,0.0,0.0021340767852962017,0.07054740190505981,0.007228874135762453,0.02602636255323887,0.9502877593040466,0.09376437962055206,0.22138431668281555,7.392704901576508e-07,7.392704901576508e-07,0.22889471054077148,0.0021340767852962017,0.07054740190505981,2.423584000155188e-09,0.023968204855918884
1414_0.88_1.69.png,37.491336822509766,37.487796783447266,-0.0035400390625,0.9963498115539551,0.9963390827178955,-1.0728836059570312e-05,0.0180356502532959,0.024657487869262695,none,,False,0.6887505054473877,0.015463748015463352,,,0.9594771265983582,,,,,,,,,,,,,,,,,,,,,,,,,,,,,,,,,,,,,,,,,,,fallback,1414_0.88_1.69.png,True,0.6887505054473877,0.015463748015463352,1.5948549509048462,1.921215534210205,0.9594771265983582,0.5038736462593079,0.5539863109588623,0.5245997309684753,0.16942207515239716,0.004291065968573093,0.01503568422049284,0.007861904799938202,0.4386681914329529,0.4850624203681946,0.4601482152938843,0.15890149772167206,0.0014168894849717617,0.0011908761225640774,0.0005510951159521937,0.21173304319381714,0.21338115632534027,0.31496554613113403,0.06611065566539764,0.953359842300415,0.9599941968917847,0.012262014672160149,0.9544883966445923,0.9556171298027039,0.003672148333862424,0.9520636796951294,0.9522985816001892,0.001562009914778173,0.0,0.0006147282547317445,0.06031845510005951,0.0023460614029318094,0.014875836670398712,0.9499791860580444,0.04602893814444542,0.2096870243549347,9.013773478727671e-07,9.013773478727671e-07,0.3148265480995178,0.0006147282547317445,0.06031845510005951,8.329102962889579e-10,0.024943221360445023
1415_0.67_1.4.png,40.672359466552734,39.92407989501953,-0.7482795715332031,0.9982019662857056,0.9981853365898132,-1.6629695892333984e-05,0.01809072494506836,0.028363943099975586,none,,False,0.5573633909225464,0.01781553588807583,,,0.94248366355896,,,,,,,,,,,,,,,,,,,,,,,,,,,,,,,,,,,,,,,,,,,fallback,1415_0.67_1.4.png,True,0.5573633909225464,0.01781553588807583,1.589542269706726,1.9042586088180542,0.94248366355896,0.5024173855781555,0.5526825785636902,0.5231430530548096,0.1696256846189499,0.004248051904141903,0.014786878600716591,0.007704300340265036,0.43778711557388306,0.4850609302520752,0.45922183990478516,0.15920498967170715,0.0014154664240777493,0.0011876417556777596,0.0005463623092509806,0.23871967196464539,0.21866773068904877,0.3248063921928406,0.06837406009435654,0.9535402655601501,0.9595859050750732,0.012175562791526318,0.954542338848114,0.9556576609611511,0.003572974819689989,0.9520632028579712,0.9523023962974548,0.0014941160334274173,0.0,0.0008977160323411226,0.05912497639656067,0.003149269614368677,0.019103728234767914,0.9501423239707947,0.062028393149375916,0.2047114372253418,9.09311438590521e-07,9.09311438590521e-07,0.32466405630111694,0.0008977160323411226,0.05912497639656067,1.2291425655064359e-09,0.02499181590974331
1421_0.9_1.14.png,35.851524353027344,35.754669189453125,-0.09685516357421875,0.9960368871688843,0.9959204196929932,-0.00011646747589111328,0.017846345901489258,0.027462005615234375,none,,False,0.671358585357666,0.0164884515106678,,,0.9921569228172302,,,,,,,,,,,,,,,,,,,,,,,,,,,,,,,,,,,,,,,,,,,fallback,1421_0.9_1.14.png,True,0.671358585357666,0.0164884515106678,1.0858864784240723,1.2174572944641113,0.9921569228172302,0.49634453654289246,0.5471446514129639,0.5173034071922302,0.168091282248497,0.004078626167029142,0.013125430792570114,0.006999485660344362,0.4430719017982483,0.4842035472393036,0.46474260091781616,0.16100110113620758,0.0014486464206129313,0.001257674884982407,0.0005864598206244409,0.33041366934776306,0.26592499017715454,0.24546931684017181,0.054144956171512604,0.9539152383804321,0.9588183760643005,0.01168257649987936,0.954549252986908,0.9556364417076111,0.00384259014390409,0.9520572423934937,0.9522713422775269,0.0014753127470612526,0.0,0.0012756218202412128,0.07923641055822372,0.007506240624934435,0.019909275695681572,0.9501774907112122,0.06795772910118103,0.23294208943843842,7.026291655165551e-07,7.026291655165551e-07,0.24528078734874725,0.0012756218202412128,0.07923641055822372,1.9847665733152553e-09,0.024971110746264458
1427_0.91_1.59.png,33.30733871459961,33.19353485107422,-0.11380386352539062,0.9967803955078125,0.9967621564865112,-1.823902130126953e-05,0.018054723739624023,0.025243520736694336,none,,False,0.6067470908164978,0.03437067195773125,,,0.9960784316062927,,,,,,,,,,,,,,,,,,,,,,,,,,,,,,,,,,,,,,,,,,,fallback,1427_0.91_1.59.png,True,0.6067470908164978,0.03437067195773125,2.6495816707611084,2.0252161026000977,0.9960784316062927,0.504819393157959,0.5544286370277405,0.526249885559082,0.18500693142414093,0.00398627482354641,0.012641985900700092,0.006742030382156372,0.4552527964115143,0.484799325466156,0.477509468793869,0.1746382862329483,0.0014662464382126927,0.0012529174564406276,0.000607368303462863,0.4413018822669983,0.25953438878059387,0.22875823080539703,0.06307164579629898,0.9538424611091614,0.9617994427680969,0.01448165625333786,0.9544999003410339,0.955394446849823,0.0039060681592673063,0.952050507068634,0.9522253274917603,0.00151011161506176,0.0,0.000810005993116647,0.04961753264069557,0.003611547639593482,0.016445918008685112,0.9501790404319763,0.059923961758613586,0.15137550234794617,8.033166523091495e-07,8.033166523091495e-07,0.22849887609481812,0.000810005993116647,0.04961753264069557,1.5812924303304499e-09,0.02396984212100506
143_0.84_1.61.png,32.85523223876953,33.121009826660156,0.265777587890625,0.9947659373283386,0.9948915839195251,0.00012564659118652344,0.01839590072631836,0.024709224700927734,none,,False,0.6019300818443298,0.016270125284790993,,,0.9699346423149109,,,,,,,,,,,,,,,,,,,,,,,,,,,,,,,,,,,,,,,,,,,fallback,143_0.84_1.61.png,True,0.6019300818443298,0.016270125284790993,1.3225921392440796,1.4948173761367798,0.9699346423149109,0.5155206918716431,0.5545987486839294,0.5368292331695557,0.16712318360805511,0.004399886354804039,0.015024937689304352,0.00801930669695139,0.45861849188804626,0.4847398102283478,0.4810611307621002,0.15856696665287018,0.00147480727173388,0.0012804536381736398,0.000614709744695574,0.2798348665237427,0.279303640127182,0.31315529346466064,0.08226697891950607,0.9536474347114563,0.9610575437545776,0.01295911893248558,0.9545161724090576,0.955747127532959,0.004069121554493904,0.952057421207428,0.9522171020507812,0.0015196447493508458,0.0,0.0012606338132172823,0.07614266872406006,0.006090514361858368,0.018910562619566917,0.9501074552536011,0.0649571642279625,0.23167124390602112,8.954871191235725e-07,8.954871191235725e-07,0.31301945447921753,0.0012606338132172823,0.07614266872406006,2.0024069069535244e-09,0.02499089017510414
1443_0.76_1.22.png,37.6151123046875,37.351802825927734,-0.2633094787597656,0.9963962435722351,0.9962188005447388,-0.0001774430274963379,0.018254756927490234,0.024988412857055664,none,,False,0.6742133498191833,0.01388285681605339,,,0.9921568632125854,,,,,,,,,,,,,,,,,,,,,,,,,,,,,,,,,,,,,,,,,,,fallback,1443_0.76_1.22.png,True,0.6742133498191833,0.01388285681605339,1.1719030141830444,1.1775565147399902,0.9921568632125854,0.5105078220367432,0.5502625703811646,0.531243622303009,0.16833074390888214,0.003614699002355337,0.012430297210812569,0.0066970777697861195,0.44295254349708557,0.4819704592227936,0.4646625518798828,0.16013921797275543,0.0013083575759083033,0.000945722742471844,0.00043893055408261716,0.22524283826351166,0.18998560309410095,0.2840280830860138,0.06570471078157425,0.9535782337188721,0.9598026275634766,0.009936726652085781,0.9545972347259521,0.9556229114532471,0.0033630344551056623,0.9520670175552368,0.9522565603256226,0.001454982440918684,0.0,0.0006256608758121729,0.059027817100286484,0.0039466992020606995,0.01623002253472805,0.9500476121902466,0.04942844435572624,0.19657456874847412,7.377178121714678e-07,7.377178121714678e-07,0.2838713824748993,0.0006256608758121729,0.059027817100286484,8.218198344067673e-10,0.024711735546588898
1445_0.65_0.82.png,34.54184341430664,34.79856872558594,0.2567253112792969,0.9983455538749695,0.9983762502670288,3.069639205932617e-05,0.01817154884338379,0.024999141693115234,none,,False,0.5415184497833252,0.038062818348407745,,,0.9947712421417236,,,,,,,,,,,,,,,,,,,,,,,,,,,,,,,,,,,,,,,,,,,fallback,1445_0.65_0.82.png,True,0.5415184497833252,0.038062818348407745,1.243370532989502,1.0192959308624268,0.9947712421417236,0.49926701188087463,0.5517300367355347,0.5205737948417664,0.16792891919612885,0.003995287232100964,0.012229603715240955,0.006419546436518431,0.4462559223175049,0.48489201068878174,0.46806976199150085,0.1596256047487259,0.001484142616391182,0.0013363701291382313,0.0006342887645587325,0.43831390142440796,0.2438202053308487,0.25127601623535156,0.08785022050142288,0.9540099501609802,0.9599031209945679,0.013161352835595608,0.9546965956687927,0.9557583332061768,0.0038220619317144156,0.9520498514175415,0.9522235989570618,0.001431015320122242,0.0,0.0020847253035753965,0.09950434416532516,0.013949242420494556,0.023619860410690308,0.9502909779548645,0.08908072113990784,0.257129043340683,7.270489277289016e-07,7.270489277289016e-07,0.25095391273498535,0.0020847253035753965,0.09950434416532516,2.6458579771571067e-09,0.02480260841548443
1449_0.94_0.78.png,39.49800109863281,39.77621841430664,0.2782173156738281,0.9988929033279419,0.9989399313926697,4.70280647277832e-05,0.01807236671447754,0.024909496307373047,none,,False,0.5917930006980896,0.021774061024188995,,,0.9908496737480164,,,,,,,,,,,,,,,,,,,,,,,,,,,,,,,,,,,,,,,,,,,fallback,1449_0.94_0.78.png,True,0.5917930006980896,0.021774061024188995,2.255406379699707,1.9059866666793823,0.9908496737480164,0.5052846074104309,0.5555198192596436,0.526580810546875,0.16690580546855927,0.004068586975336075,0.013002296909689903,0.006946095265448093,0.4503036141395569,0.4846697449684143,0.472327321767807,0.1582741141319275,0.0014657792635262012,0.0012846468016505241,0.0006075750570744276,0.4068170487880707,0.22320228815078735,0.2585916817188263,0.05738871172070503,0.9540245532989502,0.9604714512825012,0.013114782981574535,0.9545870423316956,0.955597460269928,0.003793507581576705,0.9520540237426758,0.9522156715393066,0.001470907125622034,0.0,0.0010419099126011133,0.06491479277610779,0.004894369747489691,0.019171971827745438,0.9502143263816833,0.06802672147750854,0.19942855834960938,5.907326681153791e-07,5.907326681153791e-07,0.25836411118507385,0.0010419099126011133,0.06491479277610779,1.3406129539816902e-09,0.024977367371320724
1450_0.85_1.16.png,39.71930694580078,40.21425247192383,0.4949455261230469,0.9987702369689941,0.998832106590271,6.186962127685547e-05,0.018064022064208984,0.0249481201171875,none,,False,0.610503077507019,0.018839620053768158,,,0.988235354423523,,,,,,,,,,,,,,,,,,,,,,,,,,,,,,,,,,,,,,,,,,,fallback,1450_0.85_1.16.png,True,0.610503077507019,0.018839620053768158,2.2277588844299316,1.8941065073013306,0.988235354423523,0.5056015253067017,0.5556199550628662,0.5268983840942383,0.16687756776809692,0.0040831067599356174,0.013084753416478634,0.006960505153983831,0.4503946900367737,0.4844211935997009,0.472423255443573,0.15823346376419067,0.001466467510908842,0.0012857629917562008,0.0006070106173865497,0.3418065905570984,0.22437579929828644,0.2822791635990143,0.06111569702625275,0.9537655115127563,0.9606488943099976,0.012271683663129807,0.9545289874076843,0.9555944800376892,0.0035541988909244537,0.9520551562309265,0.9522393941879272,0.0014813700690865517,0.0,0.0008805689867585897,0.06166132912039757,0.004200952127575874,0.018226413056254387,0.9501546025276184,0.06157129257917404,0.1940278708934784,6.604126383535913e-07,6.604126383535913e-07,0.28208446502685547,0.0008805689867585897,0.06166132912039757,1.2182748143629851e-09,0.024985583499073982
1451_0.79_1.55.png,39.1078987121582,39.50169372558594,0.3937950134277344,0.9984433054924011,0.9984976053237915,5.429983139038086e-05,0.018114805221557617,0.025057554244995117,none,,False,0.615778923034668,0.016200684010982513,,,0.9843137264251709,,,,,,,,,,,,,,,,,,,,,,,,,,,,,,,,,,,,,,,,,,,fallback,1451_0.79_1.55.png,True,0.615778923034668,0.016200684010982513,2.2082035541534424,1.8860477209091187,0.9843137264251709,0.5058371424674988,0.5556864738464355,0.5271342396736145,0.16685785353183746,0.004092642571777105,0.013143070042133331,0.006967129185795784,0.450486421585083,0.4847842752933502,0.47251972556114197,0.1582096964120865,0.001466746674850583,0.0012859632261097431,0.0006063688197173178,0.2910749912261963,0.2203710824251175,0.30177345871925354,0.06373676657676697,0.9535968899726868,0.9606773853302002,0.011709524318575859,0.9544746279716492,0.9556074738502502,0.0034195538610219955,0.9520566463470459,0.952265202999115,0.0014865730190649629,0.0,0.0007906550308689475,0.058851458132267,0.0038831362035125494,0.017878662794828415,0.9501185417175293,0.058108262717723846,0.18870921432971954,7.306579732357932e-07,7.306579732357932e-07,0.3016027808189392,0.0007906550308689475,0.058851458132267,1.15657272647951e-09,0.024991555139422417
1454_0.62_1.48.png,33.7247428894043,33.5186882019043,-0.2060546875,0.9970703125,0.9970449209213257,-2.5391578674316406e-05,0.01812911033630371,0.04594087600708008,none,,False,0.6381781101226807,0.010562947951257229,,,1.0,,,,,,,,,,,,,,,,,,,,,,,,,,,,,,,,,,,,,,,,,,,fallback,1454_0.62_1.48.png,True,0.6381781101226807,0.010562947951257229,1.1490167379379272,1.4978814125061035,1.0,0.5165619254112244,0.5516661405563354,0.5376164317131042,0.16789016127586365,0.004139292985200882,0.014523862861096859,0.007852775976061821,0.4539623558521271,0.484146386384964,0.4761980473995209,0.1595747023820877,0.001394416205585003,0.0011139761190861464,0.000524948351085186,0.22843225300312042,0.23588179051876068,0.30737823247909546,0.06715403497219086,0.9536381363868713,0.9615263938903809,0.009386246092617512,0.9545071721076965,0.9555368423461914,0.0033568746875971556,0.9520655870437622,0.9522572159767151,0.0014936421066522598,0.0,0.0006787298480048776,0.05223235860466957,0.00328217470087111,0.016674820333719254,0.9501022100448608,0.05289723351597786,0.19383297860622406,7.442567948601209e-07,7.442567948601209e-07,0.3072595000267029,0.0006787298480048776,0.05223235860466957,9.787138877115353e-10,0.02487730234861374
1457_0.88_0.58.png,42.509429931640625,42.3886833190918,-0.12074661254882812,0.9986409544944763,0.9986183047294617,-2.2649765014648438e-05,0.01836872100830078,0.024839162826538086,none,,False,0.5010764002799988,0.025886530056595802,,,0.9908496737480164,,,,,,,,,,,,,,,,,,,,,,,,,,,,,,,,,,,,,,,,,,,fallback,1457_0.88_0.58.png,True,0.5010764002799988,0.025886530056595802,2.0677647590637207,1.6741067171096802,0.9908496737480164,0.4678291976451874,0.5482715368270874,0.4881577491760254,0.16900454461574554,0.003950181882828474,0.011707862839102745,0.005851541645824909,0.4127364754676819,0.4840705394744873,0.4329069256782532,0.15738506615161896,0.0014610659563913941,0.0013560804072767496,0.0005983075243420899,0.4774767756462097,0.2155027836561203,0.2154354602098465,0.057365529239177704,0.953975260257721,0.9589992165565491,0.011241890490055084,0.9545931220054626,0.9559473395347595,0.003837454365566373,0.9520524740219116,0.9523300528526306,0.001441792817786336,0.0,0.0020669405348598957,0.0755537673830986,0.007223095279186964,0.02630406990647316,0.9503429532051086,0.09725465625524521,0.24068652093410492,6.484559094133147e-07,6.484559094133147e-07,0.21513564884662628,0.0020669405348598957,0.0755537673830986,1.9965427089374543e-09,0.024935709312558174
1459_0.77_0.55.png,40.7454719543457,40.44920349121094,-0.2962684631347656,0.9986271262168884,0.9985722899436951,-5.4836273193359375e-05,0.018162250518798828,0.025795936584472656,none,,False,0.4856775403022766,0.027148006483912468,,,0.9869281649589539,,,,,,,,,,,,,,,,,,,,,,,,,,,,,,,,,,,,,,,,,,,fallback,1459_0.77_0.55.png,True,0.4856775403022766,0.027148006483912468,2.0627338886260986,1.6739943027496338,0.9869281649589539,0.4679376482963562,0.5480726361274719,0.4882640242576599,0.1690770834684372,0.00393232237547636,0.011639457195997238,0.005817882250994444,0.41280844807624817,0.4841141998767853,0.4329829514026642,0.15749208629131317,0.0014580580173060298,0.001349767786450684,0.0005956940585747361,0.498211532831192,0.2187131941318512,0.21334423124790192,0.06084936484694481,0.954065203666687,0.9591488838195801,0.011377539485692978,0.954603374004364,0.9560785293579102,0.0038009625859558582,0.9520519971847534,0.9523252248764038,0.0014330331468954682,0.0,0.002238084562122822,0.07495899498462677,0.0073560005985200405,0.02712540328502655,0.9503751397132874,0.10225219279527664,0.2419363260269165,6.475104328274028e-07,6.475104328274028e-07,0.21302618086338043,0.002238084562122822,0.07495899498462677,2.1178525599907516e-09,0.02490316517651081
1460_0.51_1.63.png,39.68634033203125,39.10966110229492,-0.5766792297363281,0.9975078105926514,0.9974848628044128,-2.294778823852539e-05,0.02042865753173828,0.026190996170043945,none,,False,0.4607866704463959,0.018571287393569946,,,0.9411765336990356,,,,,,,,,,,,,,,,,,,,,,,,,,,,,,,,,,,,,,,,,,,fallback,1460_0.51_1.63.png,True,0.4607866704463959,0.018571287393569946,2.0059597492218018,1.6335387229919434,0.9411765336990356,0.4672672748565674,0.5490705370903015,0.48754724860191345,0.16879041492938995,0.003976762760430574,0.011867249384522438,0.005853577516973019,0.41116708517074585,0.4843890070915222,0.4312618672847748,0.15766367316246033,0.0014603559393435717,0.001355301239527762,0.0005951119237579405,0.33551934361457825,0.2311493158340454,0.28790342807769775,0.07198996096849442,0.9535287022590637,0.9590545892715454,0.009369774721562862,0.9544130563735962,0.9553934931755066,0.0033877140376716852,0.9520600438117981,0.9523746371269226,0.0014600056456401944,0.0,0.0016106123803183436,0.0719657763838768,0.006425665691494942,0.02656693384051323,0.9503030180931091,0.08769486844539642,0.228892520070076,8.764086487644818e-07,8.764086487644818e-07,0.2876981198787689,0.0016106123803183436,0.0719657763838768,1.938435856274623e-09,0.024844370782375336
1474_0.92_0.89.png,30.891849517822266,31.332935333251953,0.4410858154296875,0.9951250553131104,0.9954475164413452,0.0003224611282348633,0.018047571182250977,0.026211977005004883,none,,False,0.593538224697113,0.008787082508206367,,,0.9986928701400757,,,,,,,,,,,,,,,,,,,,,,,,,,,,,,,,,,,,,,,,,,,fallback,1474_0.92_0.89.png,True,0.593538224697113,0.008787082508206367,2.4426770210266113,3.0208616256713867,0.9986928701400757,0.5185698866844177,0.5560417175292969,0.5398626923561096,0.16677241027355194,0.004617965314537287,0.01600830629467964,0.008729876019060612,0.4617496430873871,0.4847767651081085,0.48434823751449585,0.1580968201160431,0.0014972644858062267,0.001336204120889306,0.0006421556463465095,0.33782562613487244,0.2688830494880676,0.2629617154598236,0.06445953994989395,0.9539847373962402,0.959119975566864,0.013198895379900932,0.9544947147369385,0.9554954767227173,0.004246549680829048,0.9520581364631653,0.9521989226341248,0.0015649532433599234,0.0,0.0013148541329428554,0.09322960674762726,0.006714589428156614,0.01912943832576275,0.950154721736908,0.0675286054611206,0.24231499433517456,6.134815180303121e-07,6.134815180303121e-07,0.26283296942710876,0.0013148541329428554,0.09322960674762726,1.8568198090207488e-09,0.02493450604379177
1477_0.87_1.44.png,30.921100616455078,31.275047302246094,0.3539466857910156,0.9816882014274597,0.9823386669158936,0.0006504654884338379,0.01817917823791504,0.02609109878540039,none,,False,0.6388165950775146,0.0029036356136202812,,,1.0,,,,,,,,,,,,,,,,,,,,,,,,,,,,,,,,,,,,,,,,,,,fallback,1477_0.87_1.44.png,True,0.6388165950775146,0.0029036356136202812,1.0009362697601318,1.4539536237716675,1.0,0.5218200087547302,0.557449460029602,0.5426930785179138,0.1664811670780182,0.0045944321900606155,0.01656956784427166,0.009166701696813107,0.4529501497745514,0.48492249846458435,0.4751500189304352,0.15768736600875854,0.0014286626828834414,0.0012331545585766435,0.0005901025142520666,0.27219465374946594,0.24969187378883362,0.248343363404274,0.06998962163925171,0.9538272023200989,0.9569305181503296,0.01174240279942751,0.9544659852981567,0.9556030035018921,0.003506386186927557,0.9520735144615173,0.9522306323051453,0.0016334336251020432,0.0,0.0010362843750044703,0.10887975990772247,0.009002866223454475,0.017728207632899284,0.9501110315322876,0.056724920868873596,0.27192720770835876,1.7392115978509537e-06,1.7392115978509537e-06,0.24822501838207245,0.0010362843750044703,0.10887975990772247,1.1972701718931944e-09,0.02462354488670826
1485_0.6_1.5.png,35.47311782836914,34.93606948852539,-0.53704833984375,0.9971888065338135,0.9970795512199402,-0.00010925531387329102,0.01817774772644043,0.026273488998413086,none,,False,0.5481011867523193,0.016239158809185028,,,0.9385620951652527,,,,,,,,,,,,,,,,,,,,,,,,,,,,,,,,,,,,,,,,,,,fallback,1485_0.6_1.5.png,True,0.5481011867523193,0.016239158809185028,2.636573314666748,2.0400993824005127,0.9385620951652527,0.4879327416419983,0.5503397583961487,0.5093759298324585,0.1683736890554428,0.004523617681115866,0.013762833550572395,0.007074854336678982,0.4418219327926636,0.48483607172966003,0.4633827805519104,0.16055533289909363,0.0016058391192927957,0.0015870946226641536,0.0007400015601888299,0.3804132044315338,0.29932889342308044,0.26596105098724365,0.08458150178194046,0.9537945985794067,0.958668053150177,0.011662222445011139,0.9545396566390991,0.9560290575027466,0.0037098219618201256,0.9520491361618042,0.9523743987083435,0.0015169789548963308,0.0,0.0017941391561180353,0.042222827672958374,0.013290495611727238,0.02552635222673416,0.9503545761108398,0.09003376215696335,0.2722611129283905,7.843401022000762e-07,7.843401022000762e-07,0.26576074957847595,0.0017941391561180353,0.042222827672958374,1.6548691306184082e-09,0.02471860870718956
1488_0.71_1.67.png,38.652706146240234,38.032203674316406,-0.6205024719238281,0.9973829984664917,0.9972988367080688,-8.416175842285156e-05,0.01810169219970703,0.02658557891845703,none,,False,0.6030625104904175,0.014915818348526955,,,0.9477124214172363,,,,,,,,,,,,,,,,,,,,,,,,,,,,,,,,,,,,,,,,,,,fallback,1488_0.71_1.67.png,True,0.6030625104904175,0.014915818348526955,2.6204354763031006,2.0367496013641357,0.9477124214172363,0.4878959357738495,0.5504128932952881,0.5093379020690918,0.16840551793575287,0.004531705752015114,0.013796301558613777,0.00707488926127553,0.4417272210121155,0.4847443103790283,0.4632833003997803,0.16059249639511108,0.0016068160766735673,0.0015885394532233477,0.0007406864897347987,0.34433236718177795,0.29018062353134155,0.2737193703651428,0.08409029990434647,0.9536739587783813,0.9585394263267517,0.010957605205476284,0.9545295238494873,0.9559157490730286,0.0037907189689576626,0.9520483016967773,0.9523614048957825,0.0015302374958992004,0.0,0.0014723888598382473,0.03708501532673836,0.01222725585103035,0.02293865755200386,0.9502533078193665,0.07893478870391846,0.27324727177619934,8.1140160546056e-07,8.1140160546056e-07,0.27353745698928833,0.0014723888598382473,0.03708501532673836,1.279816252974797e-09,0.024700740352272987
1494_0.53_0.86.png,39.68551254272461,39.85762405395508,0.17211151123046875,0.9978687763214111,0.9979419708251953,7.319450378417969e-05,0.018082618713378906,0.026346921920776367,none,,False,0.5621049404144287,0.02341204136610031,,,0.98562091588974,,,,,,,,,,,,,,,,,,,,,,,,,,,,,,,,,,,,,,,,,,,fallback,1494_0.53_0.86.png,True,0.5621049404144287,0.02341204136610031,1.1793326139450073,1.3457937240600586,0.98562091588974,0.5023128986358643,0.5500349998474121,0.5231204628944397,0.16549097001552582,0.004003649577498436,0.013308917172253132,0.0070760250091552734,0.44146937131881714,0.4845085144042969,0.4630838930606842,0.16026754677295685,0.001394249382428825,0.0011454818304628134,0.0005331842112354934,0.3113299012184143,0.21703030169010162,0.2949138283729553,0.07688295841217041,0.9538832306861877,0.9598228335380554,0.013099255971610546,0.9546431303024292,0.955729603767395,0.00411475682631135,0.952059805393219,0.9522806406021118,0.0014296779409050941,0.0,0.0011478326050564647,0.07178141176700592,0.006252311635762453,0.020827768370509148,0.9501720070838928,0.07008347660303116,0.22324073314666748,8.659749255457427e-07,8.659749255457427e-07,0.2947225570678711,0.0011478326050564647,0.07178141176700592,1.5068098990766998e-09,0.02498486638069153
1495_0.94_1.22.png,36.49635314941406,36.48066711425781,-0.01568603515625,0.9950463175773621,0.9949986934661865,-4.762411117553711e-05,0.018332481384277344,0.026252031326293945,none,,False,0.7222690582275391,0.016644956544041634,,,0.9973856806755066,,,,,,,,,,,,,,,,,,,,,,,,,,,,,,,,,,,,,,,,,,,fallback,1495_0.94_1.22.png,True,0.7222690582275391,0.016644956544041634,1.1729856729507446,1.3299137353897095,0.9973856806755066,0.5015619993209839,0.549157977104187,0.522412896156311,0.1663423329591751,0.00400657719001174,0.013249306008219719,0.00701178377494216,0.4417022168636322,0.4840218722820282,0.46332424879074097,0.16053764522075653,0.0014019154477864504,0.0011585254687815905,0.0005410413723438978,0.23015035688877106,0.20246215164661407,0.28413161635398865,0.06800571084022522,0.9536418914794922,0.9583381414413452,0.013421420939266682,0.9545220732688904,0.955488920211792,0.004007192328572273,0.952060341835022,0.9524417519569397,0.0015118259470909834,0.0,0.0006284776609390974,0.07525595277547836,0.004102718085050583,0.015430194325745106,0.9499608278274536,0.047117408365011215,0.22741667926311493,1.0988272833856172e-06,1.0988272833856172e-06,0.28397032618522644,0.0006284776609390974,0.07525595277547836,1.0237625192033306e-09,0.02493620291352272
1498_0.73_1.3.png,35.60639190673828,35.28937530517578,-0.3170166015625,0.9959465861320496,0.9958528280258179,-9.375810623168945e-05,0.019869327545166016,0.026265382766723633,none,,False,0.7053490877151489,0.011163922026753426,,,0.9725489616394043,,,,,,,,,,,,,,,,,,,,,,,,,,,,,,,,,,,,,,,,,,,fallback,1498_0.73_1.3.png,True,0.7053490877151489,0.011163922026753426,1.2248138189315796,1.8927637338638306,0.9725489616394043,0.5232559442520142,0.5559895634651184,0.5441602468490601,0.1667916476726532,0.004571780562400818,0.016659103333950043,0.009174139238893986,0.4552500545978546,0.4846482276916504,0.47756412625312805,0.1581202894449234,0.0014193974202498794,0.001191686955280602,0.0005617801216430962,0.23197422921657562,0.22064639627933502,0.2852741777896881,0.06330549716949463,0.9534924626350403,0.9595462679862976,0.010325302369892597,0.9545564651489258,0.9554293155670166,0.003689014120027423,0.9520674347877502,0.9522984027862549,0.0015711088199168444,0.0,0.0006472938694059849,0.10370263457298279,0.009702062234282494,0.014687118120491505,0.9500249028205872,0.04471936821937561,0.28217360377311707,8.95192044936266e-07,8.95192044936266e-07,0.2851232588291168,0.0006472938694059849,0.10370263457298279,1.0294919361442112e-09,0.02470320463180542
149_0.51_1.05.png,38.70011520385742,38.498775482177734,-0.2013397216796875,0.9978948831558228,0.9977800250053406,-0.00011485815048217773,0.01805734634399414,0.0264284610748291,none,,False,0.49939948320388794,0.025505181401968002,,,0.9647058844566345,,,,,,,,,,,,,,,,,,,,,,,,,,,,,,,,,,,,,,,,,,,fallback,149_0.51_1.05.png,True,0.49939948320388794,0.025505181401968002,0.9927416443824768,1.11455500125885,0.9647058844566345,0.5211274027824402,0.5563575029373169,0.5417215824127197,0.16671492159366608,0.004094752948731184,0.015332520939409733,0.008268122561275959,0.44816797971725464,0.4823218882083893,0.4701538681983948,0.15801101922988892,0.001316717592999339,0.0009566092630848289,0.00044641215936280787,0.3120235502719879,0.24524562060832977,0.2976716160774231,0.07519733905792236,0.9536723494529724,0.9586824178695679,0.01054540928453207,0.954632043838501,0.9556635022163391,0.003666372038424015,0.9520705938339233,0.9522998929023743,0.0014619106659665704,0.0,0.0008633392280898988,0.0949462428689003,0.003195497440174222,0.018252277746796608,0.9501935243606567,0.06235644221305847,0.22075052559375763,8.981629662230262e-07,8.981629662230262e-07,0.29750216007232666,0.0008633392280898988,0.0949462428689003,1.4007272008953464e-09,0.02469480037689209
1503_0.95_1.58.png,35.69972229003906,36.51775360107422,0.8180313110351562,0.9920822978019714,0.9923014640808105,0.00021916627883911133,0.04050087928771973,0.04176163673400879,none,,False,0.6658135652542114,0.00886194035410881,,,1.0,,,,,,,,,,,,,,,,,,,,,,,,,,,,,,,,,,,,,,,,,,,fallback,1503_0.95_1.58.png,True,0.6658135652542114,0.00886194035410881,1.6530804634094238,1.1598289012908936,1.0,0.5303763151168823,0.5569265484809875,0.5511365532875061,0.2018819898366928,0.004159488249570131,0.01599469594657421,0.009068584069609642,0.459393173456192,0.4816448986530304,0.4819360077381134,0.1890469640493393,0.0013017798773944378,0.0008892882033251226,0.0004328747745603323,0.3567040264606476,0.18686965107917786,0.2627286911010742,0.0504203699529171,0.9539453387260437,0.9596844911575317,0.01220170222222805,0.954582929611206,0.9556981325149536,0.003737530903890729,0.9520695209503174,0.9522363543510437,0.0015287508722394705,0.0,0.0003597417671699077,0.017350925132632256,4.55729168606922e-05,0.012992161326110363,0.9500601887702942,0.04484096169471741,0.16453419625759125,8.381931593248737e-07,8.381931593248737e-07,0.262506365776062,0.0003597417671699077,0.017350925132632256,3.5913569340628726e-10,0.02422962337732315
1509_0.73_0.78.png,43.54650115966797,43.596519470214844,0.050018310546875,0.9982949495315552,0.9983052015304565,1.0251998901367188e-05,0.02715921401977539,0.043022871017456055,none,,False,0.5520408153533936,0.010757097974419594,,,1.0,,,,,,,,,,,,,,,,,,,,,,,,,,,,,,,,,,,,,,,,,,,fallback,1509_0.73_0.78.png,True,0.5520408153533936,0.010757097974419594,1.8293505907058716,1.6324644088745117,1.0,0.525474488735199,0.556327760219574,0.5463822484016418,0.19578997790813446,0.0041015297174453735,0.01520619448274374,0.008514332585036755,0.45997947454452515,0.4837650656700134,0.48253393173217773,0.18070562183856964,0.0013359534787014127,0.0009628882398828864,0.00046934999409131706,0.4608115255832672,0.18909414112567902,0.27499374747276306,0.0520796999335289,0.954268217086792,0.9618455171585083,0.012824581936001778,0.9546307325363159,0.9560701251029968,0.0038135359063744545,0.9520670771598816,0.9522095322608948,0.001464911620132625,0.0,0.0006326540024019778,0.02356376312673092,0.00021158854360692203,0.016603492200374603,0.950241208076477,0.06299053877592087,0.18549908697605133,9.212408258463256e-07,9.212408258463256e-07,0.27478161454200745,0.0006326540024019778,0.02356376312673092,7.410398406015872e-10,0.024794774129986763
1517_0.72_1.25.png,42.98026657104492,43.10400390625,0.12373733520507812,0.9983395338058472,0.9983701705932617,3.063678741455078e-05,0.027475833892822266,0.03857874870300293,none,,False,0.590294599533081,0.012624646537005901,,,1.0,,,,,,,,,,,,,,,,,,,,,,,,,,,,,,,,,,,,,,,,,,,fallback,1517_0.72_1.25.png,True,0.590294599533081,0.012624646537005901,3.053278923034668,1.7841039896011353,1.0,0.5098943114280701,0.5558022856712341,0.5314493775367737,0.21355821192264557,0.0034967518877238035,0.010044637136161327,0.0055433777160942554,0.462076872587204,0.48350489139556885,0.48467621207237244,0.20837903022766113,0.0014168950729072094,0.001160530257038772,0.0005682521732524037,0.5732700824737549,0.24617747962474823,0.22687195241451263,0.07614293694496155,0.9547806978225708,0.9607462286949158,0.018111735582351685,0.954637885093689,0.955947995185852,0.0035892995074391365,0.9520524144172668,0.9522322416305542,0.0014157555997371674,0.0,0.0012140979524701834,0.012759360484778881,1.627604251552839e-05,0.01999550871551037,0.9503394365310669,0.0807797759771347,0.21477442979812622,6.782422588003101e-07,6.782422588003101e-07,0.22663821280002594,0.0012140979524701834,0.012759360484778881,7.251959588394641e-10,0.02376917190849781
1519_0.95_0.89.png,41.68010330200195,40.98729705810547,-0.6928062438964844,0.9980983734130859,0.9980684518814087,-2.9921531677246094e-05,0.027556657791137695,0.04079604148864746,none,,False,0.6147345900535583,0.01334359496831894,,,1.0,,,,,,,,,,,,,,,,,,,,,,,,,,,,,,,,,,,,,,,,,,,fallback,1519_0.95_0.89.png,True,0.6147345900535583,0.01334359496831894,3.063577651977539,1.8004909753799438,1.0,0.5103828310966492,0.5557839870452881,0.5319238901138306,0.2086530476808548,0.0034792686346918344,0.010018053464591503,0.005550899542868137,0.46202415227890015,0.48334580659866333,0.4846227169036865,0.18938525021076202,0.00141105183865875,0.0011476135114207864,0.0005633286782540381,0.630824625492096,0.21612320840358734,0.19969040155410767,0.0629049614071846,0.9549486637115479,0.9614149332046509,0.018057381734251976,0.9546557068824768,0.9559068083763123,0.003790909191593528,0.9520522356033325,0.9521909356117249,0.0014177473494783044,0.0,0.001211532042361796,0.01280711218714714,3.2552084121562075e-06,0.019090592861175537,0.9503431916236877,0.08028755336999893,0.21787044405937195,5.826134952258144e-07,5.826134952258144e-07,0.19943760335445404,0.001211532042361796,0.01280711218714714,6.027962018428923e-10,0.02287624403834343
1522_0.53_0.78.png,43.68889236450195,44.22290802001953,0.5340156555175781,0.9984068870544434,0.9984372854232788,3.039836883544922e-05,0.02818751335144043,0.03850364685058594,none,,False,0.4482969641685486,0.015805590897798538,,,1.0,,,,,,,,,,,,,,,,,,,,,,,,,,,,,,,,,,,,,,,,,,,fallback,1522_0.53_0.78.png,True,0.4482969641685486,0.015805590897798538,2.557905435562134,1.332746982574463,1.0,0.5112584829330444,0.5489949584007263,0.5324519872665405,0.1969955712556839,0.0031462153419852257,0.009958253242075443,0.005409803707152605,0.45468929409980774,0.4821885824203491,0.476955384016037,0.19238348305225372,0.0012989825336262584,0.000877946731634438,0.0004267254553269595,0.5553187131881714,0.1469995230436325,0.2391238510608673,0.050935547798871994,0.9544455409049988,0.9612206220626831,0.014150540344417095,0.9545597434043884,0.9560675024986267,0.0034780860878527164,0.9520591497421265,0.9522497653961182,0.001367649412713945,0.0,0.001171761192381382,0.013188072480261326,0.00015624999650754035,0.021542934700846672,0.9503434896469116,0.08688625693321228,0.15389308333396912,7.336376484090579e-07,7.336376484090579e-07,0.2388199418783188,0.001171761192381382,0.013188072480261326,1.0713087084113226e-09,0.02475162222981453
1523_0.59_1.3.png,40.89731216430664,41.69459915161133,0.7972869873046875,0.9968528747558594,0.9969332218170166,8.034706115722656e-05,0.02952408790588379,0.04075336456298828,none,,False,0.47910407185554504,0.014195212163031101,,,1.0,,,,,,,,,,,,,,,,,,,,,,,,,,,,,,,,,,,,,,,,,,,fallback,1523_0.59_1.3.png,True,0.47910407185554504,0.014195212163031101,2.591383695602417,1.3400366306304932,1.0,0.5113983154296875,0.5494291186332703,0.5326005220413208,0.19736328721046448,0.003150075441226363,0.009952481836080551,0.005380515940487385,0.4550293982028961,0.48214876651763916,0.47731176018714905,0.19201716780662537,0.0013005234068259597,0.0008812214946374297,0.00042777351336553693,0.45508089661598206,0.17244073748588562,0.2622738182544708,0.05392492190003395,0.9541586637496948,0.9612841010093689,0.012578791007399559,0.9545194506645203,0.9556748270988464,0.0032151599880307913,0.9520595669746399,0.9522688984870911,0.0013840344035997987,0.0,0.0009316780488006771,0.013583206571638584,0.00020182292792014778,0.02035699225962162,0.9502574801445007,0.0754309743642807,0.13783667981624603,7.426165211654734e-07,7.426165211654734e-07,0.2620084583759308,0.0009316780488006771,0.013583206571638584,9.296935998825973e-10,0.024788251146674156
1529_0.84_0.56.png,44.14686584472656,44.26719284057617,0.12032699584960938,0.9982556104660034,0.9982314109802246,-2.4199485778808594e-05,0.029755830764770508,0.03975319862365723,none,,False,0.4425593614578247,0.010110318660736084,,,1.0,,,,,,,,,,,,,,,,,,,,,,,,,,,,,,,,,,,,,,,,,,,fallback,1529_0.84_0.56.png,True,0.4425593614578247,0.010110318660736084,3.1079282760620117,1.943174958229065,1.0,0.5121150612831116,0.5571878552436829,0.533897340297699,0.23366416990756989,0.003702686633914709,0.011095735244452953,0.0061466749757528305,0.46819519996643066,0.484732985496521,0.49108317494392395,0.21974651515483856,0.001449578907340765,0.0011990758357569575,0.0005957268876954913,0.7007870078086853,0.15661372244358063,0.2022203803062439,0.04722636565566063,0.9548879265785217,0.9603039026260376,0.018373198807239532,0.9545661807060242,0.9556413292884827,0.003875080030411482,0.9520483613014221,0.9521843791007996,0.0014283133205026388,0.0,0.0016373072285205126,0.017856989055871964,1.302083364862483e-05,0.023175226524472237,0.9504608511924744,0.10395843535661697,0.18782544136047363,4.773566502080939e-07,4.773566502080939e-07,0.20196029543876648,0.0016373072285205126,0.017856989055871964,8.746252055935599e-10,0.024274423718452454
152_0.8_1.99.png,36.09148406982422,35.84778594970703,-0.2436981201171875,0.9947012662887573,0.9945937991142273,-0.0001074671745300293,0.019097089767456055,0.024530410766601562,none,,False,0.7182543277740479,0.016536708921194077,,,0.9843137264251709,,,,,,,,,,,,,,,,,,,,,,,,,,,,,,,,,,,,,,,,,,,fallback,152_0.8_1.99.png,True,0.7182543277740479,0.016536708921194077,1.0008728504180908,1.1565093994140625,0.9843137264251709,0.5208331942558289,0.5563766360282898,0.5414617657661438,0.1667008399963379,0.004098381381481886,0.015165312215685844,0.00819954089820385,0.44842758774757385,0.4841321110725403,0.4704238772392273,0.15799550712108612,0.001325329183600843,0.0009802102576941252,0.00045885384315624833,0.1895938217639923,0.2148759663105011,0.3147309422492981,0.06923525780439377,0.9532068371772766,0.9581111669540405,0.009572870098054409,0.9544472098350525,0.9555268287658691,0.0034343956504017115,0.9520677328109741,0.9522960186004639,0.0015705031109973788,0.0,0.0004423308710101992,0.08260287344455719,0.0022998335771262646,0.012165970169007778,0.9498926997184753,0.036250025033950806,0.21053637564182281,9.01428052202391e-07,9.01428052202391e-07,0.3146069347858429,0.0004423308710101992,0.08260287344455719,8.565076980993069e-10,0.024887176230549812
1537_0.52_1.24.png,39.61684036254883,39.51728820800781,-0.09955215454101562,0.9929162859916687,0.992996096611023,7.981061935424805e-05,0.026888370513916016,0.0417017936706543,none,,False,0.4949755370616913,0.005623029079288244,,,1.0,,,,,,,,,,,,,,,,,,,,,,,,,,,,,,,,,,,,,,,,,,,fallback,1537_0.52_1.24.png,True,0.4949755370616913,0.005623029079288244,1.8374003171920776,1.8267061710357666,1.0,0.5248478055000305,0.5558517575263977,0.5457707047462463,0.18688511848449707,0.004119668155908585,0.015079808421432972,0.008459764532744884,0.4602833688259125,0.4835018217563629,0.4828508496284485,0.18450696766376495,0.0013438089517876506,0.0009921358432620764,0.0004797194560524076,0.3298969864845276,0.2149551659822464,0.29662251472473145,0.05725504830479622,0.9542690515518188,0.9611597061157227,0.011906005442142487,0.9545459151268005,0.9565243721008301,0.0037057045847177505,0.9520686864852905,0.9522619843482971,0.001463599386624992,0.0,0.0009218382183462381,0.03197002410888672,0.0008138021221384406,0.020403936505317688,0.9502791166305542,0.07209794968366623,0.1974118947982788,1.099642076951568e-06,1.099642076951568e-06,0.29647040367126465,0.0009218382183462381,0.03197002410888672,1.0931665572755378e-09,0.024888984858989716
153_0.93_2.0.png,37.45693588256836,37.48817825317383,0.03124237060546875,0.9906759262084961,0.9905180335044861,-0.00015789270401000977,0.018291234970092773,0.028188467025756836,none,,False,0.7435550093650818,0.00935957208275795,,,0.9960784316062927,,,,,,,,,,,,,,,,,,,,,,,,,,,,,,,,,,,,,,,,,,,fallback,153_0.93_2.0.png,True,0.7435550093650818,0.00935957208275795,2.031148672103882,2.0589492321014404,0.9960784316062927,0.5113564133644104,0.5546034574508667,0.5326662659645081,0.16717106103897095,0.004267459735274315,0.014440209604799747,0.007648856844753027,0.45680978894233704,0.4847492277622223,0.479157418012619,0.15863493084907532,0.0014682796318084002,0.0012601165799424052,0.0006090445094741881,0.21759717166423798,0.26152414083480835,0.2852332592010498,0.07010677456855774,0.9532055258750916,0.9578080177307129,0.011599209159612656,0.954328715801239,0.9559682607650757,0.0049300906248390675,0.952059268951416,0.9522536396980286,0.0016513835871592164,0.0,0.0008884711423888803,0.09489159286022186,0.00896819494664669,0.014650763012468815,0.949888288974762,0.045735716819763184,0.25372275710105896,1.2307881434026058e-06,1.2307881434026058e-06,0.28511548042297363,0.0008884711423888803,0.09489159286022186,1.7326757806301885e-09,0.024879267439246178
1544_0.87_1.52.png,41.51872634887695,41.81177520751953,0.2930488586425781,0.9960736036300659,0.9961406588554382,6.705522537231445e-05,0.02765631675720215,0.039461612701416016,none,,False,0.5545640587806702,0.013601998798549175,,,1.0,,,,,,,,,,,,,,,,,,,,,,,,,,,,,,,,,,,,,,,,,,,fallback,1544_0.87_1.52.png,True,0.5545640587806702,0.013601998798549175,2.7683346271514893,1.3913103342056274,1.0,0.5068561434745789,0.5552884340286255,0.5286111235618591,0.2244826853275299,0.0034162902738898993,0.009276566095650196,0.005052360240370035,0.4645569920539856,0.48427098989486694,0.4872632324695587,0.21201586723327637,0.001436649588868022,0.0012014134554192424,0.0005924661527387798,0.5443004965782166,0.18876931071281433,0.2316063940525055,0.05228745564818382,0.9542444944381714,0.961922287940979,0.014577972702682018,0.9545491933822632,0.955596923828125,0.0037366189062595367,0.9520487785339355,0.9521989226341248,0.0014250606764107943,0.0,0.0008889616001397371,0.015818580985069275,3.2552084121562075e-06,0.01884261891245842,0.9502614736557007,0.07302901148796082,0.17699214816093445,5.973960810479184e-07,5.973960810479184e-07,0.231328085064888,0.0008889616001397371,0.015818580985069275,5.485742970989804e-10,0.023981699720025063
1546_0.79_0.85.png,41.7435417175293,41.83251953125,0.08897781372070312,0.9945013523101807,0.9944474697113037,-5.3882598876953125e-05,0.029435396194458008,0.04085206985473633,none,,False,0.529626190662384,0.016772331669926643,,,1.0,,,,,,,,,,,,,,,,,,,,,,,,,,,,,,,,,,,,,,,,,,,fallback,1546_0.79_0.85.png,True,0.529626190662384,0.016772331669926643,1.5693773031234741,1.2799828052520752,1.0,0.5255522727966309,0.5560147166252136,0.5463977456092834,0.2013123780488968,0.0040509202517569065,0.014956745319068432,0.008338200859725475,0.45744121074676514,0.4825797975063324,0.4798765182495117,0.17581519484519958,0.0013223799178376794,0.0009516801801510155,0.0004669110639952123,0.5012216567993164,0.1748216301202774,0.22919876873493195,0.04807978495955467,0.954185426235199,0.9620996117591858,0.012335063889622688,0.9546388983726501,0.9559757709503174,0.0038675747346132994,0.952069103717804,0.9522060751914978,0.0015094024129211903,0.0,0.0007928231498226523,0.016994653269648552,1.302083364862483e-05,0.01715906336903572,0.950246274471283,0.06647142022848129,0.15914420783519745,1.0113334383277106e-06,1.0113334383277106e-06,0.2289145141839981,0.0007928231498226523,0.016994653269648552,7.862978601558268e-10,0.024112265557050705
1547_0.77_1.84.png,38.38336181640625,38.400123596191406,0.01676177978515625,0.988963782787323,0.9888579249382019,-0.00010585784912109375,0.029062747955322266,0.03736305236816406,none,,False,0.5895404815673828,0.013680534437298775,,,1.0,,,,,,,,,,,,,,,,,,,,,,,,,,,,,,,,,,,,,,,,,,,fallback,1547_0.77_1.84.png,True,0.5895404815673828,0.013680534437298775,1.5713224411010742,1.2895703315734863,1.0,0.5246332883834839,0.5553867816925049,0.5455411672592163,0.204249769449234,0.004012594930827618,0.014635746367275715,0.008113897405564785,0.4587302803993225,0.48298341035842896,0.4812239110469818,0.190507173538208,0.00132851826492697,0.0009629889391362667,0.00047342173638753593,0.3158908784389496,0.2275082916021347,0.2716352939605713,0.057136084884405136,0.9537436962127686,0.9620126485824585,0.01208790484815836,0.9545229077339172,0.9560147523880005,0.003624055767431855,0.9520711302757263,0.9522423148155212,0.0015733132604509592,0.0,0.0005525677115656435,0.017463454976677895,1.302083364862483e-05,0.015638459473848343,0.9501265287399292,0.05197104066610336,0.1512661725282669,1.534460920993297e-06,1.534460920993297e-06,0.27139219641685486,0.0005525677115656435,0.017463454976677895,7.353262998499588e-10,0.02428099885582924
1548_0.85_1.55.png,38.46875,38.7830696105957,0.3143196105957031,0.9901692271232605,0.9901530742645264,-1.615285873413086e-05,0.024472475051879883,0.0409541130065918,none,,False,0.601475179195404,0.014590962789952755,,,1.0,,,,,,,,,,,,,,,,,,,,,,,,,,,,,,,,,,,,,,,,,,,fallback,1548_0.85_1.55.png,True,0.601475179195404,0.014590962789952755,1.5636658668518066,1.2890702486038208,1.0,0.5246042609214783,0.5552324056625366,0.5455263257026672,0.20422828197479248,0.003999494016170502,0.014558021910488605,0.008085383102297783,0.45853328704833984,0.4829762876033783,0.4810166656970978,0.18942642211914062,0.0013287336332723498,0.0009631137363612652,0.0004737189447041601,0.3549821078777313,0.21849781274795532,0.2536022365093231,0.05314832180738449,0.9538228511810303,0.961979866027832,0.012116648256778717,0.9545491933822632,0.9559504985809326,0.003674738574773073,0.9520698189735413,0.9522318840026855,0.0015698422212153673,0.0,0.0005598766729235649,0.01647062972187996,1.302083364862483e-05,0.015290644951164722,0.9501287937164307,0.05247683450579643,0.1531580686569214,1.3834932133249822e-06,1.3834932133249822e-06,0.2533447742462158,0.0005598766729235649,0.01647062972187996,6.578376732235824e-10,0.02418002486228943
1553_0.74_1.63.png,39.89813995361328,40.34561538696289,0.4474754333496094,0.997277021408081,0.997336745262146,5.9723854064941406e-05,0.025797605514526367,0.038511037826538086,none,,False,0.6783198118209839,0.009016759693622589,,,1.0,,,,,,,,,,,,,,,,,,,,,,,,,,,,,,,,,,,,,,,,,,,fallback,1553_0.74_1.63.png,True,0.6783198118209839,0.009016759693622589,1.697557806968689,1.6285412311553955,1.0,0.5289482474327087,0.5569688677787781,0.5497439503669739,0.20601260662078857,0.004231203347444534,0.01593901962041855,0.008865186013281345,0.4592389166355133,0.48273518681526184,0.48176881670951843,0.1862337738275528,0.0013235287042334676,0.0009527658694423735,0.0004625281726475805,0.2182396948337555,0.1880154013633728,0.3091813325881958,0.05331818386912346,0.9537965059280396,0.9605509638786316,0.011509353294968605,0.9545468091964722,0.9560393691062927,0.0032903740648180246,0.9520756006240845,0.9522266983985901,0.0015666178660467267,0.0,0.00037903213524259627,0.013738528825342655,3.2552084121562075e-06,0.014345331117510796,0.9500879645347595,0.043659757822752,0.1878717839717865,1.6091101997517399e-06,1.6091101997517399e-06,0.3090384602546692,0.00037903213524259627,0.013738528825342655,5.777991973765495e-10,0.024330975487828255
1557_0.85_1.07.png,45.964630126953125,45.89686965942383,-0.06776046752929688,0.9948610067367554,0.9951587915420532,0.00029778480529785156,0.024547338485717773,0.04105091094970703,none,,False,0.348393052816391,0.011530149728059769,,,1.0,,,,,,,,,,,,,,,,,,,,,,,,,,,,,,,,,,,,,,,,,,,fallback,1557_0.85_1.07.png,True,0.348393052816391,0.011530149728059769,2.5566976070404053,2.089657783508301,1.0,0.5080894231796265,0.5539731383323669,0.5294302105903625,0.22055977582931519,0.003863224294036627,0.012366577982902527,0.0066572618670761585,0.45604798197746277,0.4847838878631592,0.47835734486579895,0.2012411653995514,0.0014229144435375929,0.00116070790681988,0.000568689254578203,0.5672327280044556,0.20843087136745453,0.1962454617023468,0.058808136731386185,0.9541866183280945,0.9615691304206848,0.012767419219017029,0.9546059370040894,0.9557505249977112,0.004169517196714878,0.9520536661148071,0.9522318243980408,0.0014806704130023718,0.0,0.002012023003771901,0.021161459386348724,0.00035481771919876337,0.025798384100198746,0.95037841796875,0.1056993156671524,0.22996151447296143,6.501568918793055e-07,6.501568918793055e-07,0.19599983096122742,0.002012023003771901,0.021161459386348724,1.138066085815126e-09,0.02254188433289528
155_0.83_1.97.png,36.43967819213867,36.19689178466797,-0.24278640747070312,0.9912833571434021,0.9909669756889343,-0.00031638145446777344,0.018452167510986328,0.02730703353881836,none,,False,0.7248364686965942,0.010223114863038063,,,0.9869281053543091,,,,,,,,,,,,,,,,,,,,,,,,,,,,,,,,,,,,,,,,,,,fallback,155_0.83_1.97.png,True,0.7248364686965942,0.010223114863038063,2.0305163860321045,2.069913387298584,0.9869281053543091,0.5114949941635132,0.5544566512107849,0.5327982306480408,0.16721192002296448,0.004258519038558006,0.014423169195652008,0.007628110237419605,0.45679816603660583,0.4847477972507477,0.47914597392082214,0.15868809819221497,0.0014655243139714003,0.0012538090813905,0.0006062131724320352,0.22399288415908813,0.2647262215614319,0.2927010953426361,0.07832646369934082,0.9532595276832581,0.9574862718582153,0.011610557325184345,0.9543759822845459,0.9557645916938782,0.004705942701548338,0.952059268951416,0.9522528648376465,0.0016339108115062118,0.0,0.0009290060261264443,0.09669309854507446,0.009511372074484825,0.01495740283280611,0.9499037861824036,0.047283388674259186,0.2556835114955902,1.1725213653335231e-06,1.1725213653335231e-06,0.29258182644844055,0.0009290060261264443,0.09669309854507446,1.7058179313522714e-09,0.02480473741889
1560_0.99_1.56.png,42.60143280029297,42.87666702270508,0.2752342224121094,0.9925152659416199,0.9929541945457458,0.00043892860412597656,0.024492979049682617,0.03859543800354004,none,,False,0.4243847131729126,0.010812874883413315,,,1.0,,,,,,,,,,,,,,,,,,,,,,,,,,,,,,,,,,,,,,,,,,,fallback,1560_0.99_1.56.png,True,0.4243847131729126,0.010812874883413315,2.551486015319824,1.9599041938781738,1.0,0.5094695687294006,0.5558860301971436,0.5308001637458801,0.214664027094841,0.0038636773824691772,0.012427549809217453,0.006752258166670799,0.4571065306663513,0.484633207321167,0.4794706404209137,0.19931942224502563,0.0014172752853482962,0.0011474970960989594,0.0005620065494440496,0.5078626871109009,0.23276974260807037,0.19110514223575592,0.05382560193538666,0.9540600776672363,0.9614179134368896,0.012639036402106285,0.954566478729248,0.9557632803916931,0.004029252100735903,0.9520552754402161,0.9522449970245361,0.0015314386691898108,0.0,0.0015564662171527743,0.019395727664232254,0.00021809896861668676,0.02245512045919895,0.9502828121185303,0.08806698024272919,0.22301577031612396,6.928501647962548e-07,6.928501647962548e-07,0.19086940586566925,0.0015564662171527743,0.019395727664232254,8.076290192171598e-10,0.021880708634853363
1567_0.8_0.84.png,41.389461517333984,42.63320541381836,1.243743896484375,0.9975212812423706,0.9975935816764832,7.230043411254883e-05,0.024495363235473633,0.040828704833984375,none,,False,0.6702752709388733,0.007296329364180565,,,1.0,,,,,,,,,,,,,,,,,,,,,,,,,,,,,,,,,,,,,,,,,,,fallback,1567_0.8_0.84.png,True,0.6702752709388733,0.007296329364180565,1.821977972984314,0.9512696862220764,1.0,0.5254557132720947,0.5560770630836487,0.5465840697288513,0.16785910725593567,0.003765009343624115,0.01361706294119358,0.007706823758780956,0.4623960554599762,0.484427809715271,0.48506098985671997,0.1601441204547882,0.001313384622335434,0.0008998741977848113,0.000445070763817057,0.5649139285087585,0.12294933199882507,0.22791031002998352,0.04297703504562378,0.954734742641449,0.9588832855224609,0.015555108897387981,0.9546105265617371,0.9555267095565796,0.0035792042035609484,0.9520659446716309,0.9522290825843811,0.0014435690827667713,0.0,0.0005697894375771284,0.01791769079864025,3.2552084121562075e-06,0.015082531608641148,0.9502511620521545,0.05916666239500046,0.1913098394870758,4.889842557531665e-07,4.889842557531665e-07,0.22770459949970245,0.0005697894375771284,0.01791769079864025,3.3092337203832756e-10,0.024716146290302277
1568_0.8_1.8.png,39.866859436035156,40.616092681884766,0.7492332458496094,0.9947551488876343,0.9948900938034058,0.00013494491577148438,0.025002241134643555,0.038482666015625,none,,False,0.7138872742652893,0.005829953588545322,,,1.0,,,,,,,,,,,,,,,,,,,,,,,,,,,,,,,,,,,,,,,,,,,fallback,1568_0.8_1.8.png,True,0.7138872742652893,0.005829953588545322,1.7147901058197021,0.9737734794616699,1.0,0.5258111357688904,0.5568879246711731,0.5469529628753662,0.16728635132312775,0.0037919296883046627,0.01368592120707035,0.007668211590498686,0.462850958108902,0.48442429304122925,0.4855376183986664,0.15930944681167603,0.0013192965416237712,0.0009153916616924107,0.00044845871161669493,0.31937941908836365,0.1372540295124054,0.2637965977191925,0.04355858638882637,0.9541845917701721,0.9586099982261658,0.011725014075636864,0.9545637369155884,0.9555665254592896,0.0032320774625986814,0.9520679712295532,0.9522370100021362,0.0014956356026232243,0.0,0.00038708990905433893,0.01569632813334465,3.2552084121562075e-06,0.014173035509884357,0.9501075744628906,0.04668812081217766,0.18525776267051697,8.547830816496571e-07,8.547830816496571e-07,0.26362860202789307,0.00038708990905433893,0.01569632813334465,3.3805858112856413e-10,0.024795252829790115
1574_0.67_1.97.png,39.89366912841797,39.042327880859375,-0.8513412475585938,0.9976234436035156,0.9975767135620117,-4.673004150390625e-05,0.025105714797973633,0.04046916961669922,none,,False,0.6303569078445435,0.009165446273982525,,,1.0,,,,,,,,,,,,,,,,,,,,,,,,,,,,,,,,,,,,,,,,,,,fallback,1574_0.67_1.97.png,True,0.6303569078445435,0.009165446273982525,2.4122588634490967,1.5042963027954102,1.0,0.5206800699234009,0.5506638884544373,0.5419368147850037,0.20557914674282074,0.00342137785628438,0.011522416956722736,0.006336178630590439,0.46328797936439514,0.4824928641319275,0.48598340153694153,0.18549926578998566,0.0013123955577611923,0.0008943863795138896,0.0004380140744615346,0.36382001638412476,0.24060207605361938,0.2836456298828125,0.06522434949874878,0.9540515542030334,0.9611924290657043,0.012941185384988785,0.9545202851295471,0.9561097025871277,0.0030593539122492075,0.9520660638809204,0.95238196849823,0.0014459023950621486,0.0,0.0005545756430365145,0.01125310268253088,9.765624781721272e-06,0.016597077250480652,0.9501778483390808,0.055905088782310486,0.14745469391345978,1.0275167596773827e-06,1.0275167596773827e-06,0.28345978260040283,0.0005545756430365145,0.01125310268253088,6.604634616991234e-10,0.024819016456604004
1576_0.98_0.73.png,39.541358947753906,38.72443771362305,-0.8169212341308594,0.9981488585472107,0.9980754256248474,-7.343292236328125e-05,0.025124788284301758,0.0379490852355957,none,,False,0.6505284905433655,0.011944512836635113,,,1.0,,,,,,,,,,,,,,,,,,,,,,,,,,,,,,,,,,,,,,,,,,,fallback,1576_0.98_0.73.png,True,0.6505284905433655,0.011944512836635113,2.3725016117095947,1.4218908548355103,1.0,0.5193078517913818,0.549741268157959,0.540618896484375,0.19547022879123688,0.003346723038703203,0.010984489694237709,0.006115159951150417,0.46345654129981995,0.48265933990478516,0.48615550994873047,0.17709706723690033,0.0013163426192477345,0.0009042201563715935,0.0004473941517062485,0.5700710415840149,0.18202929198741913,0.22159864008426666,0.04352514445781708,0.9545720815658569,0.961678147315979,0.014247250743210316,0.9546178579330444,0.955966591835022,0.0035229858476668596,0.9520613551139832,0.9522916078567505,0.0014189486391842365,0.0,0.0006186778773553669,0.010472355410456657,3.2552084121562075e-06,0.015539506450295448,0.950245201587677,0.06163657084107399,0.1611073762178421,5.868250241292117e-07,5.868250241292117e-07,0.22135086357593536,0.0006186778773553669,0.010472355410456657,3.7494538029925195e-10,0.02286916971206665
1577_0.86_1.16.png,42.5654182434082,42.772483825683594,0.20706558227539062,0.9942744970321655,0.9943947196006775,0.00012022256851196289,0.025133371353149414,0.05002570152282715,none,,False,0.5867472290992737,0.013028712943196297,,,0.9921568632125854,,,,,,,,,,,,,,,,,,,,,,,,,,,,,,,,,,,,,,,,,,,fallback,1577_0.86_1.16.png,True,0.5867472290992737,0.013028712943196297,1.560853362083435,1.5270037651062012,0.9921568632125854,0.5286048650741577,0.5557239055633545,0.5492812395095825,0.20505134761333466,0.004227496683597565,0.016216792166233063,0.008882234804332256,0.4575883448123932,0.4824468195438385,0.48004308342933655,0.18450665473937988,0.0013096204493194818,0.0009173514554277062,0.00044553724001161754,0.2778817415237427,0.19939804077148438,0.2588909864425659,0.0548640638589859,0.9535911083221436,0.9629614949226379,0.011347104795277119,0.954532265663147,0.9563475251197815,0.004187328275293112,0.9520816206932068,0.9523161053657532,0.0017329785041511059,0.0,0.00032525407732464373,0.009907413274049759,0.0,0.013444204814732075,0.950135350227356,0.04084237292408943,0.15889298915863037,1.9003346096724272e-06,1.9003346096724272e-06,0.2587125897407532,0.00032525407732464373,0.009907413274049759,6.388249929045742e-10,0.023552946746349335
1586_0.74_1.29.png,39.65603256225586,39.923038482666016,0.26700592041015625,0.9955877065658569,0.9957310557365417,0.00014334917068481445,0.025362730026245117,0.0377659797668457,none,,False,0.5287052392959595,0.009747153148055077,,,0.9895424842834473,,,,,,,,,,,,,,,,,,,,,,,,,,,,,,,,,,,,,,,,,,,fallback,1586_0.74_1.29.png,True,0.5287052392959595,0.009747153148055077,2.1535115242004395,1.267177700996399,0.9895424842834473,0.5247324705123901,0.5508010983467102,0.5458395481109619,0.2039135992527008,0.003548884764313698,0.012949484400451183,0.007107120472937822,0.4633173644542694,0.481161504983902,0.48602819442749023,0.18400214612483978,0.0012847937177866697,0.0008147035259753466,0.0004040611966047436,0.40802067518234253,0.16436980664730072,0.25595033168792725,0.04436875134706497,0.9540995359420776,0.9607712626457214,0.011140343733131886,0.9546144604682922,0.9563508033752441,0.003582019591704011,0.9520666599273682,0.9522910714149475,0.0014855751069262624,0.0,0.0005790651775896549,0.010539391078054905,3.2552084121562075e-06,0.016560567542910576,0.9501734375953674,0.059613507241010666,0.11125514656305313,7.668360240131733e-07,7.668360240131733e-07,0.2557641267776489,0.0005790651775896549,0.010539391078054905,5.292862259587139e-10,0.02471451833844185
1598_0.67_1.4.png,38.11855697631836,38.9195671081543,0.8010101318359375,0.9976146221160889,0.9977090358734131,9.441375732421875e-05,0.030999422073364258,0.04071354866027832,none,,False,0.5570459961891174,0.009080532938241959,,,1.0,,,,,,,,,,,,,,,,,,,,,,,,,,,,,,,,,,,,,,,,,,,fallback,1598_0.67_1.4.png,True,0.5570459961891174,0.009080532938241959,1.803308129310608,1.3467756509780884,1.0,0.5223777890205383,0.5566202998161316,0.5431512594223022,0.1978405863046646,0.0039732446894049644,0.014505273662507534,0.00807960145175457,0.4542716145515442,0.48256179690361023,0.47655051946640015,0.18576212227344513,0.0013191517209634185,0.0009505332564003766,0.0004543074464891106,0.37777042388916016,0.24323883652687073,0.2797336280345917,0.05709858983755112,0.9542069435119629,0.9594829678535461,0.0128241665661335,0.9545889496803284,0.9556929469108582,0.0033703434746712446,0.9520692229270935,0.9522371292114258,0.0014698164304718375,0.0,0.0006675687618553638,0.012718136422336102,3.2552084121562075e-06,0.017255637794733047,0.9502294063568115,0.06259998679161072,0.15680523216724396,1.0891133115364937e-06,1.0891133115364937e-06,0.2795342206954956,0.0006675687618553638,0.012718136422336102,7.551225200685963e-10,0.02482505887746811
1601_0.99_0.52.png,46.43644332885742,46.53282928466797,0.09638595581054688,0.9984878897666931,0.9985480308532715,6.014108657836914e-05,0.029341936111450195,0.03742074966430664,none,,False,0.47083842754364014,0.018960993736982346,,,1.0,,,,,,,,,,,,,,,,,,,,,,,,,,,,,,,,,,,,,,,,,,,fallback,1601_0.99_0.52.png,True,0.47083842754364014,0.018960993736982346,2.107783317565918,1.3781880140304565,1.0,0.524895191192627,0.556824803352356,0.5458036661148071,0.19240355491638184,0.0039023030549287796,0.014233789406716824,0.00795009359717369,0.45889243483543396,0.4823172688484192,0.48139461874961853,0.19025951623916626,0.001318716793321073,0.0009301519603468478,0.0004562248941510916,0.6443657875061035,0.13256914913654327,0.18157821893692017,0.0428166389465332,0.9544448256492615,0.9608107209205627,0.013338057324290276,0.9546917676925659,0.9557986259460449,0.0039265695959329605,0.9520664811134338,0.9522008895874023,0.0014715924626216292,0.0,0.0010670401388779283,0.013424401171505451,3.2552084121562075e-06,0.018785059452056885,0.9503433704376221,0.08158860355615616,0.1573691964149475,6.057981067897344e-07,6.057981067897344e-07,0.1812737137079239,0.0010670401388779283,0.013424401171505451,6.634464089216863e-10,0.021685058251023293
1610_0.91_0.53.png,44.612274169921875,45.32392501831055,0.7116508483886719,0.9976706504821777,0.9976330995559692,-3.7550926208496094e-05,0.0298459529876709,0.040662527084350586,none,,False,0.5644829869270325,0.009983236901462078,,,1.0,,,,,,,,,,,,,,,,,,,,,,,,,,,,,,,,,,,,,,,,,,,fallback,1610_0.91_0.53.png,True,0.5644829869270325,0.009983236901462078,1.9625521898269653,1.4384758472442627,1.0,0.5227064490318298,0.5553511381149292,0.5436264276504517,0.20627057552337646,0.003895560512319207,0.014261474832892418,0.007911818102002144,0.45625200867652893,0.48368147015571594,0.47862163186073303,0.1730647087097168,0.001314507913775742,0.0009218898485414684,0.0004512438317760825,0.5623893141746521,0.16457514464855194,0.22323006391525269,0.05386732146143913,0.9545980095863342,0.9594641923904419,0.01384555734694004,0.9546762108802795,0.9557814598083496,0.003832851303741336,0.9520660638809204,0.9521946310997009,0.0014701967593282461,0.0,0.0009034856338985264,0.021129095926880836,2.27864584303461e-05,0.017455900087952614,0.9502760171890259,0.07098443806171417,0.22399717569351196,6.838744752712955e-07,6.838744752712955e-07,0.22300337255001068,0.0009034856338985264,0.021129095926880836,6.266224761297678e-10,0.022299818694591522
1612_0.77_1.4.png,41.38669967651367,40.98567199707031,-0.4010276794433594,0.9956598281860352,0.9955112934112549,-0.00014853477478027344,0.0298616886138916,0.03907656669616699,none,,False,0.6170535087585449,0.008066480979323387,,,1.0,,,,,,,,,,,,,,,,,,,,,,,,,,,,,,,,,,,,,,,,,,,fallback,1612_0.77_1.4.png,True,0.6170535087585449,0.008066480979323387,1.9193445444107056,1.50735342502594,1.0,0.5228222608566284,0.5558177828788757,0.5437219142913818,0.2027798891067505,0.0039607929065823555,0.014633054845035076,0.008061707951128483,0.4563840329647064,0.48435717821121216,0.4787604510784149,0.18170341849327087,0.001318805618211627,0.0009275671909563243,0.0004508329147938639,0.35159653425216675,0.19261278212070465,0.265706866979599,0.05893600732088089,0.9540727138519287,0.9589735865592957,0.011323380284011364,0.9545880556106567,0.95586758852005,0.0036235961597412825,0.9520686864852905,0.9522607922554016,0.0015413584187626839,0.0,0.0005881365505047143,0.021246302872896194,3.255208503105678e-05,0.015639735385775566,0.9501315355300903,0.05449642241001129,0.20838472247123718,1.0989466545652249e-06,1.0989466545652249e-06,0.2655201852321625,0.0005881365505047143,0.021246302872896194,5.468334673963682e-10,0.024313824251294136
1617_0.56_1.97.png,42.692283630371094,43.375587463378906,0.6833038330078125,0.9934365153312683,0.9935673475265503,0.00013083219528198242,0.029350757598876953,0.04044604301452637,none,,False,0.44567710161209106,0.007864004001021385,,,1.0,,,,,,,,,,,,,,,,,,,,,,,,,,,,,,,,,,,,,,,,,,,fallback,1617_0.56_1.97.png,True,0.44567710161209106,0.007864004001021385,1.9617806673049927,1.328774333000183,1.0,0.5128900408744812,0.556868851184845,0.5342637300491333,0.22523224353790283,0.003966027405112982,0.012693197466433048,0.006871328689157963,0.4605906307697296,0.4845800995826721,0.48312923312187195,0.2130707949399948,0.0014280648902058601,0.001188478316180408,0.0005822727107442915,0.3051224946975708,0.2063864767551422,0.2928394675254822,0.06756734102964401,0.9535448551177979,0.9586383700370789,0.0111578069627285,0.9543790817260742,0.9561306238174438,0.003415097016841173,0.9520593285560608,0.9522683620452881,0.0015135136200115085,0.0,0.0011029925663024187,0.02930823341012001,0.0031542968936264515,0.02159819006919861,0.9501890540122986,0.06945343315601349,0.26206672191619873,1.163625256594969e-06,1.163625256594969e-06,0.29264506697654724,0.0011029925663024187,0.02930823341012001,1.0110339232483057e-09,0.021597320213913918
1618_0.97_1.32.png,42.33924865722656,42.78337478637695,0.4441261291503906,0.9923083186149597,0.9924494624137878,0.000141143798828125,0.025866270065307617,0.03770589828491211,none,,False,0.5375887751579285,0.008913998492062092,,,1.0,,,,,,,,,,,,,,,,,,,,,,,,,,,,,,,,,,,,,,,,,,,fallback,1618_0.97_1.32.png,True,0.5375887751579285,0.008913998492062092,1.9673458337783813,1.3377315998077393,1.0,0.5104502439498901,0.5567840933799744,0.5319567918777466,0.204605370759964,0.0041226730681955814,0.01313721016049385,0.0071218665689229965,0.4609934985637665,0.4847804605960846,0.483537495136261,0.2027020901441574,0.00147254450712353,0.0012793036876246333,0.0006314835045486689,0.3907187879085541,0.20080064237117767,0.233086496591568,0.054856933653354645,0.9535189867019653,0.9585675597190857,0.011021476238965988,0.9544506072998047,0.9560607671737671,0.003668805118650198,0.9520558714866638,0.9522523283958435,0.001577151007950306,0.0,0.0010017650201916695,0.026218285784125328,0.007102864794433117,0.018510155379772186,0.9501346945762634,0.06377756595611572,0.2706681787967682,9.922274557538913e-07,9.922274557538913e-07,0.23284558951854706,0.0010017650201916695,0.026218285784125328,5.605768627070518e-10,0.021216867491602898
1621_0.5_0.72.png,50.3756103515625,50.28113555908203,-0.09447479248046875,0.9975113272666931,0.99750155210495,-9.775161743164062e-06,0.02486252784729004,0.04071760177612305,none,,False,0.2505166530609131,0.01097390241920948,,,1.0,,,,,,,,,,,,,,,,,,,,,,,,,,,,,,,,,,,,,,,,,,,fallback,1621_0.5_0.72.png,True,0.2505166530609131,0.01097390241920948,2.116291046142578,1.1035221815109253,1.0,0.5213432908058167,0.5565217137336731,0.5425335764884949,0.2019176483154297,0.0037416936829686165,0.012945308350026608,0.007074418012052774,0.4623420238494873,0.48356279730796814,0.4849940240383148,0.2031988948583603,0.0013393398839980364,0.0009633326553739607,0.00047684789751656353,0.6144022941589355,0.13399972021579742,0.18978531658649445,0.04846063256263733,0.9542312026023865,0.9600586891174316,0.011508154682815075,0.9545962810516357,0.9560551643371582,0.004064131062477827,0.9520615935325623,0.9522096514701843,0.0014388771960511804,0.0,0.0020791117567569017,0.022383060306310654,0.00012044270988553762,0.02707492932677269,0.9504455924034119,0.11501401662826538,0.22890259325504303,8.319249786836735e-07,8.319249786836735e-07,0.1895262897014618,0.0020791117567569017,0.022383060306310654,1.6375836242588093e-09,0.021546220406889915
1622_0.98_1.75.png,40.964134216308594,41.10590362548828,0.1417694091796875,0.9896206259727478,0.9897405505180359,0.00011992454528808594,0.027469635009765625,0.03589773178100586,none,,False,0.47457483410835266,0.00919441320002079,,,1.0,,,,,,,,,,,,,,,,,,,,,,,,,,,,,,,,,,,,,,,,,,,fallback,1622_0.98_1.75.png,True,0.47457483410835266,0.00919441320002079,2.0908138751983643,1.060962438583374,1.0,0.5192356705665588,0.5563807487487793,0.540533185005188,0.18786025047302246,0.0037213298492133617,0.012551249004900455,0.006912019569426775,0.46242621541023254,0.4842536151409149,0.48507270216941833,0.18907146155834198,0.0013582865940406919,0.0010029320837929845,0.0004943363019265234,0.3888604938983917,0.2066456824541092,0.20665886998176575,0.050526365637779236,0.9533624649047852,0.9597043991088867,0.010398389771580696,0.9544582366943359,0.9562247395515442,0.0036046188324689865,0.9520626068115234,0.9522154927253723,0.001582377590239048,0.0,0.0009015434188768268,0.020283974707126617,2.27864584303461e-05,0.018006697297096252,0.9501377940177917,0.06267691403627396,0.22340714931488037,8.77972240687086e-07,8.77972240687086e-07,0.2064315378665924,0.0009015434188768268,0.020283974707126617,5.621189069771049e-10,0.021107658743858337
1624_0.76_1.43.png,41.89632034301758,42.2880744934082,0.391754150390625,0.993725061416626,0.9939159750938416,0.00019091367721557617,0.02830219268798828,0.040953636169433594,none,,False,0.3724530041217804,0.009685751982033253,,,1.0,,,,,,,,,,,,,,,,,,,,,,,,,,,,,,,,,,,,,,,,,,,fallback,1624_0.76_1.43.png,True,0.3724530041217804,0.009685751982033253,2.063282012939453,1.1096101999282837,1.0,0.5207816958427429,0.5564432144165039,0.5420007705688477,0.1936807781457901,0.0037725267466157675,0.012990924529731274,0.007105217780917883,0.4622555077075958,0.4838302731513977,0.48490020632743835,0.1927179992198944,0.0013491908321157098,0.0009850189089775085,0.0004832954437006265,0.44000306725502014,0.19728831946849823,0.22389689087867737,0.0558653362095356,0.9535854458808899,0.9596448540687561,0.010922789573669434,0.9544855952262878,0.9561338424682617,0.0037104031071066856,0.9520626068115234,0.9522415399551392,0.001520410762168467,0.0,0.0011951141059398651,0.021818600594997406,5.208333459449932e-05,0.021226301789283752,0.9502474665641785,0.07820670306682587,0.22653457522392273,8.921996368371765e-07,8.921996368371765e-07,0.22366860508918762,0.0011951141059398651,0.021818600594997406,8.433917453309903e-10,0.021549178287386894
1633_0.73_1.49.png,40.376853942871094,39.95370864868164,-0.4231452941894531,0.9972683191299438,0.9972392320632935,-2.9087066650390625e-05,0.029884815216064453,0.03728771209716797,none,,False,0.5663431286811829,0.009870660491287708,,,1.0,,,,,,,,,,,,,,,,,,,,,,,,,,,,,,,,,,,,,,,,,,,fallback,1633_0.73_1.49.png,True,0.5663431286811829,0.009870660491287708,2.560800552368164,1.4202253818511963,1.0,0.5004159808158875,0.5527920126914978,0.5223401784896851,0.1711040586233139,0.004053529817610979,0.011396066285669804,0.006088115740567446,0.4616817235946655,0.4850396513938904,0.4842153489589691,0.16158893704414368,0.0015697419876232743,0.001489515881985426,0.0007291960064321756,0.5491840839385986,0.24955865740776062,0.24330806732177734,0.05697810277342796,0.9540347456932068,0.9622301459312439,0.012919196859002113,0.9544488787651062,0.9557746052742004,0.003724295413121581,0.9520488977432251,0.9523233771324158,0.0014914046041667461,0.0,0.0009933714754879475,0.0130392424762249,6.510416824312415e-06,0.020292993634939194,0.9503164887428284,0.07519414275884628,0.1496296226978302,8.110329758892476e-07,8.110329758892476e-07,0.2430933117866516,0.0009933714754879475,0.0130392424762249,6.406640773448657e-10,0.02363409288227558
1652_0.62_1.35.png,48.79584884643555,48.02105712890625,-0.7747917175292969,0.9934307336807251,0.993475079536438,4.4345855712890625e-05,0.029376745223999023,0.040694236755371094,none,,False,0.2485080063343048,0.007060909178107977,,,1.0,,,,,,,,,,,,,,,,,,,,,,,,,,,,,,,,,,,,,,,,,,,fallback,1652_0.62_1.35.png,True,0.2485080063343048,0.007060909178107977,2.6172454357147217,0.8149377703666687,1.0,0.5037356615066528,0.5561575889587402,0.525680661201477,0.20682452619075775,0.0035734623670578003,0.009382849559187889,0.005006651394069195,0.4648469090461731,0.4844321310520172,0.4875490367412567,0.19452080130577087,0.001495668082498014,0.0013349170330911875,0.0006646238616667688,0.6341862678527832,0.1655268669128418,0.18163327872753143,0.060831423848867416,0.9543536901473999,0.9592010974884033,0.012770368717610836,0.954474687576294,0.9562237858772278,0.003282920690253377,0.9520450234413147,0.9522232413291931,0.0014268348459154367,0.0,0.0030642261262983084,0.020174138247966766,0.0006249999860301614,0.03262165188789368,0.9504812359809875,0.1342616230249405,0.23592694103717804,4.628424505881412e-07,4.628424505881412e-07,0.18142613768577576,0.0030642261262983084,0.020174138247966766,1.0853634657692623e-09,0.018491990864276886
1656_0.64_1.45.png,45.942787170410156,45.702964782714844,-0.2398223876953125,0.9945380091667175,0.9944760203361511,-6.198883056640625e-05,0.02629828453063965,0.03535580635070801,none,,False,0.43650925159454346,0.008305031806230545,,,1.0,,,,,,,,,,,,,,,,,,,,,,,,,,,,,,,,,,,,,,,,,,,fallback,1656_0.64_1.45.png,True,0.43650925159454346,0.008305031806230545,1.744120717048645,1.5948266983032227,1.0,0.528911828994751,0.5553735494613647,0.5497103929519653,0.1926458328962326,0.00423284899443388,0.016255859285593033,0.008979846723377705,0.4605482220649719,0.48481905460357666,0.48314112424850464,0.17005805671215057,0.0013217948144301772,0.0009320261306129396,0.0004530543810687959,0.33073869347572327,0.18848444521427155,0.2654520273208618,0.05831819027662277,0.9536364078521729,0.9598948955535889,0.01166307833045721,0.9544780850410461,0.9556660056114197,0.004016911145299673,0.9520714282989502,0.9522536396980286,0.0015764309791848063,0.0,0.000761431350838393,0.018686523661017418,0.0008919271058402956,0.018028968945145607,0.9501864314079285,0.06105280667543411,0.203170508146286,1.3335318271856522e-06,1.3335318271856522e-06,0.26522818207740784,0.000761431350838393,0.018686523661017418,9.224589425649299e-10,0.02152099274098873
1657_0.68_1.28.png,44.75944519042969,46.01805877685547,1.2586135864257812,0.99730384349823,0.9974145889282227,0.00011074542999267578,0.02486252784729004,0.03527522087097168,none,,False,0.4613393247127533,0.00876424740999937,,,1.0,,,,,,,,,,,,,,,,,,,,,,,,,,,,,,,,,,,,,,,,,,,fallback,1657_0.68_1.28.png,True,0.4613393247127533,0.00876424740999937,2.3888838291168213,1.3883191347122192,1.0,0.5187802314758301,0.5506729483604431,0.5401130318641663,0.19949515163898468,0.0032902236562222242,0.010740225203335285,0.005859857425093651,0.46348807215690613,0.4823852479457855,0.4861868917942047,0.1726892739534378,0.0013150114100426435,0.0008988410700112581,0.00044504980905912817,0.4223531484603882,0.18643489480018616,0.2507345676422119,0.057230450212955475,0.9538472890853882,0.9592891931533813,0.010791935957968235,0.9544842839241028,0.9557451009750366,0.00320243276655674,0.9520615935325623,0.9522436857223511,0.0014275312423706055,0.0,0.0009777311934158206,0.015441794879734516,0.00013346354535315186,0.020159253850579262,0.9502271413803101,0.07387923449277878,0.16873054206371307,7.739074590062955e-07,7.739074590062955e-07,0.25050055980682373,0.0009777311934158206,0.015441794879734516,7.587814820908534e-10,0.022785302251577377
1664_0.8_2.0.png,39.917198181152344,40.2042236328125,0.28702545166015625,0.9956039190292358,0.995632529258728,2.86102294921875e-05,0.026954174041748047,0.03545856475830078,none,,False,0.6445221900939941,0.00877392292022705,,,1.0,,,,,,,,,,,,,,,,,,,,,,,,,,,,,,,,,,,,,,,,,,,fallback,1664_0.8_2.0.png,True,0.6445221900939941,0.00877392292022705,2.0755903720855713,1.2382760047912598,1.0,0.5212981104850769,0.5569361448287964,0.542339563369751,0.19395564496517181,0.0036668151151388884,0.012900449335575104,0.007045676000416279,0.4580565094947815,0.48300108313560486,0.48050689697265625,0.18915119767189026,0.0013138122158125043,0.0009131431579589844,0.0004436613235156983,0.2780002951622009,0.20315349102020264,0.2885076403617859,0.060217373073101044,0.9535478949546814,0.9597324728965759,0.010775258764624596,0.9544333219528198,0.9556861519813538,0.0031638508662581444,0.9520729780197144,0.9522702693939209,0.001542809884995222,0.0,0.00043129734694957733,0.0162973515689373,9.765624781721272e-06,0.01493500079959631,0.950072705745697,0.0455467663705349,0.15359966456890106,1.5372651205325383e-06,1.5372651205325383e-06,0.28834739327430725,0.00043129734694957733,0.0162973515689373,5.355693666331263e-10,0.02405361644923687
1665_0.57_1.62.png,41.568260192871094,42.574886322021484,1.0066261291503906,0.984566867351532,0.9865148067474365,0.001947939395904541,0.0268557071685791,0.035925865173339844,none,,False,0.5844789743423462,0.00652029924094677,,,1.0,,,,,,,,,,,,,,,,,,,,,,,,,,,,,,,,,,,,,,,,,,,fallback,1665_0.57_1.62.png,True,0.5844789743423462,0.00652029924094677,2.4153988361358643,0.9664632678031921,1.0,0.5122292041778564,0.5523550510406494,0.5338910818099976,0.18379199504852295,0.003351673251017928,0.009853878058493137,0.005323915742337704,0.46387431025505066,0.48404237627983093,0.4865618944168091,0.1785704344511032,0.001391835161484778,0.001080476911738515,0.000539436296094209,0.3126525580883026,0.1686917096376419,0.29770350456237793,0.05904506891965866,0.9541655778884888,0.9592539668083191,0.013857762329280376,0.9546124339103699,0.9564437866210938,0.004719329997897148,0.9520571231842041,0.9523409008979797,0.0014560925774276257,0.0,0.0007985715055838227,0.020196249708533287,0.0008463541744276881,0.02004125341773033,0.9502231478691101,0.0653359591960907,0.16878385841846466,8.418132892984431e-07,8.418132892984431e-07,0.2975466549396515,0.0007985715055838227,0.020196249708533287,7.711090654893837e-10,0.023929795250296593
1670_0.72_1.61.png,38.8624153137207,39.43431091308594,0.5718955993652344,0.9957945346832275,0.995854377746582,5.984306335449219e-05,0.02808547019958496,0.03601217269897461,none,,False,0.5780866146087646,0.015863874927163124,,,0.9764706492424011,,,,,,,,,,,,,,,,,,,,,,,,,,,,,,,,,,,,,,,,,,,fallback,1670_0.72_1.61.png,True,0.5780866146087646,0.015863874927163124,1.5316654443740845,1.7612452507019043,0.9764706492424011,0.5254993438720703,0.5549072027206421,0.5462424755096436,0.20735116302967072,0.0043236552737653255,0.016201604157686234,0.008865300565958023,0.4565006494522095,0.4840565323829651,0.4788927733898163,0.18475836515426636,0.0013416263973340392,0.0010066292015835643,0.0004832365666516125,0.23019005358219147,0.2225257307291031,0.3122037947177887,0.06780404597520828,0.9533789157867432,0.9598804116249084,0.013580049388110638,0.9544278979301453,0.9557934403419495,0.003402555827051401,0.952074408531189,0.9523105025291443,0.0016363464528694749,0.0,0.0005237411824055016,0.026649625971913338,0.00022460937907453626,0.015630364418029785,0.9500784277915955,0.047510866075754166,0.1716991513967514,1.8357236513111275e-06,1.8357236513111275e-06,0.31201672554016113,0.0005237411824055016,0.026649625971913338,7.570336024720348e-10,0.024666931480169296
1677_0.58_1.91.png,39.379615783691406,40.38978958129883,1.0101737976074219,0.9973069429397583,0.9974266886711121,0.00011974573135375977,0.03004765510559082,0.036096811294555664,none,,False,0.5150641202926636,0.014979787170886993,,,1.0,,,,,,,,,,,,,,,,,,,,,,,,,,,,,,,,,,,,,,,,,,,fallback,1677_0.58_1.91.png,True,0.5150641202926636,0.014979787170886993,2.285867691040039,1.5292304754257202,1.0,0.5134044289588928,0.5561884045600891,0.5344898700714111,0.21092504262924194,0.0034845464397221804,0.0114673413336277,0.006209118291735649,0.4543973505496979,0.4842158854007721,0.47665590047836304,0.19608333706855774,0.001321848714724183,0.0009488515206612647,0.0004571838362608105,0.3358325660228729,0.20629596710205078,0.2823871076107025,0.06318914145231247,0.9539652466773987,0.960655152797699,0.012624133378267288,0.9545371532440186,0.9565680027008057,0.0032365901861339808,0.9520646333694458,0.9522533416748047,0.001460277708247304,0.0,0.0008987069595605135,0.01792282611131668,0.0012369791511446238,0.02057058736681938,0.9502330422401428,0.0701807290315628,0.12415974587202072,1.120416413868952e-06,1.120416413868952e-06,0.2821671962738037,0.0008987069595605135,0.01792282611131668,1.2198927423767714e-09,0.02460183948278427
1679_0.94_1.47.png,38.134857177734375,38.34901428222656,0.2141571044921875,0.9957291483879089,0.9957507848739624,2.1636486053466797e-05,0.0292356014251709,0.036083221435546875,none,,False,0.6319581866264343,0.016866633668541908,,,1.0,,,,,,,,,,,,,,,,,,,,,,,,,,,,,,,,,,,,,,,,,,,fallback,1679_0.94_1.47.png,True,0.6319581866264343,0.016866633668541908,2.277082681655884,1.4885891675949097,1.0,0.5148305296897888,0.5557324886322021,0.5359266400337219,0.21517498791217804,0.0034608514979481697,0.01155175268650055,0.006304973270744085,0.4537867307662964,0.484254390001297,0.476017564535141,0.20290137827396393,0.001312048640102148,0.0009228020207956433,0.0004491516447160393,0.4452621638774872,0.20755349099636078,0.23430819809436798,0.054211605340242386,0.9540623426437378,0.9621943831443787,0.012909533455967903,0.9545497894287109,0.9563049077987671,0.003337071742862463,0.9520627856254578,0.9521936774253845,0.0014982037246227264,0.0,0.0005671893013641238,0.014100814238190651,3.2552084121562075e-06,0.015451561659574509,0.9501368403434753,0.05612877011299133,0.11781678348779678,8.510704105901823e-07,8.510704105901823e-07,0.2340610772371292,0.0005671893013641238,0.014100814238190651,4.679669984852808e-10,0.02442966029047966
168_0.92_0.76.png,40.58506774902344,40.79475021362305,0.20968246459960938,0.9976128339767456,0.9977110624313354,9.822845458984375e-05,0.025659561157226562,0.026317119598388672,none,,False,0.5071568489074707,0.026907972991466522,,,0.9973856806755066,,,,,,,,,,,,,,,,,,,,,,,,,,,,,,,,,,,,,,,,,,,fallback,168_0.92_0.76.png,True,0.5071568489074707,0.026907972991466522,2.5508344173431396,1.9231207370758057,0.9973856806755066,0.4886702299118042,0.5449861288070679,0.5099020600318909,0.16431769728660583,0.0037260076496750116,0.010384847410023212,0.005427113268524408,0.4380847215652466,0.48428091406822205,0.4594869315624237,0.15917256474494934,0.0014753926079720259,0.0013276326935738325,0.0006200634525157511,0.4785363972187042,0.19916367530822754,0.22173641622066498,0.05748097226023674,0.9539523124694824,0.9603798985481262,0.011279544793069363,0.9545945525169373,0.9558358192443848,0.0036206531804054976,0.9520493149757385,0.9523240327835083,0.0014362207148224115,0.0,0.0015399418771266937,0.07607303559780121,0.0044494266621768475,0.023578625172376633,0.9502964615821838,0.08599598705768585,0.2019738405942917,5.904846034354705e-07,5.904846034354705e-07,0.22145289182662964,0.0015399418771266937,0.07607303559780121,1.3710350632578638e-09,0.02485431544482708
1704_0.9_1.06.png,42.12571716308594,42.13159942626953,0.00588226318359375,0.9978954195976257,0.9979139566421509,1.8537044525146484e-05,0.029327392578125,0.04086565971374512,none,,False,0.5281025767326355,0.017838768661022186,,,1.0,,,,,,,,,,,,,,,,,,,,,,,,,,,,,,,,,,,,,,,,,,,fallback,1704_0.9_1.06.png,True,0.5281025767326355,0.017838768661022186,2.6455700397491455,1.440476655960083,1.0,0.49656128883361816,0.5539736151695251,0.5177583694458008,0.18788009881973267,0.0032923822291195393,0.00871262513101101,0.004735186696052551,0.4422338902950287,0.4831383228302002,0.4638631343841553,0.18577533960342407,0.0013866766821593046,0.0011376043548807502,0.0005394899053499103,0.7026559114456177,0.13827009499073029,0.18947242200374603,0.04783519357442856,0.9549269676208496,0.9604714512825012,0.017916150391101837,0.954586923122406,0.9562492966651917,0.003725123591721058,0.9520506858825684,0.9522125720977783,0.0013742357259616256,0.0,0.0015400091651827097,0.015054753981530666,0.00021809896861668676,0.02211197465658188,0.9504235982894897,0.09687891602516174,0.21938957273960114,5.172423698240891e-07,5.172423698240891e-07,0.18915517628192902,0.0015400091651827097,0.015054753981530666,8.029131803866107e-10,0.024035563692450523
1705_0.66_1.4.png,40.266815185546875,40.99025344848633,0.7234382629394531,0.997368335723877,0.9974597692489624,9.143352508544922e-05,0.028034687042236328,0.037256717681884766,none,,False,0.5145901441574097,0.013119328767061234,,,1.0,,,,,,,,,,,,,,,,,,,,,,,,,,,,,,,,,,,,,,,,,,,fallback,1705_0.66_1.4.png,True,0.5145901441574097,0.013119328767061234,2.324984312057495,1.0954012870788574,1.0,0.5141213536262512,0.555968165397644,0.5352948904037476,0.20187629759311676,0.0034928438253700733,0.011351882480084896,0.006174315698444843,0.45533743500709534,0.4839463531970978,0.47763821482658386,0.18578732013702393,0.0013336341362446547,0.0009725808049552143,0.00047035436728037894,0.4702930450439453,0.1832401156425476,0.2531391382217407,0.052207913249731064,0.9543370604515076,0.9590011835098267,0.014964413829147816,0.9546050429344177,0.956028938293457,0.0033763886895030737,0.9520601630210876,0.9522333145141602,0.0014270369429141283,0.0,0.0009031949448399246,0.016586605459451675,1.627604251552839e-05,0.019332056865096092,0.95026695728302,0.07301990687847137,0.16984760761260986,8.231438073380559e-07,8.231438073380559e-07,0.25290918350219727,0.0009031949448399246,0.016586605459451675,8.338115198291973e-10,0.024700233712792397
1709_0.68_1.68.png,39.018672943115234,39.768516540527344,0.7498435974121094,0.9967452883720398,0.9968663454055786,0.00012105703353881836,0.03012990951538086,0.04080390930175781,none,,False,0.50304114818573,0.02763000875711441,,,1.0,,,,,,,,,,,,,,,,,,,,,,,,,,,,,,,,,,,,,,,,,,,fallback,1709_0.68_1.68.png,True,0.50304114818573,0.02763000875711441,2.647472858428955,1.6740750074386597,1.0,0.5109065771102905,0.5569303035736084,0.532379150390625,0.216796875,0.003544265404343605,0.010561645962297916,0.005778228398412466,0.45970943570137024,0.4840017259120941,0.4822022020816803,0.20642726123332977,0.0013941010693088174,0.0011096668895334005,0.0005458923405967653,0.5271511673927307,0.26222437620162964,0.23689743876457214,0.07869884371757507,0.9539960026741028,0.961260199546814,0.014140495099127293,0.9546124339103699,0.9562180042266846,0.0036176848225295544,0.9520548582077026,0.9522215127944946,0.001444192137569189,0.0,0.0012955726124346256,0.020090406760573387,0.000231119804084301,0.02102511003613472,0.9503189325332642,0.0837235376238823,0.1757047474384308,9.209397831000388e-07,9.209397831000388e-07,0.23657771944999695,0.0012955726124346256,0.020090406760573387,1.0828674623653e-09,0.02461876906454563
1717_0.58_1.39.png,40.71851348876953,41.35684585571289,0.6383323669433594,0.9980113506317139,0.9980181455612183,6.794929504394531e-06,0.027933120727539062,0.03820323944091797,none,,False,0.5063719749450684,0.013611279428005219,,,1.0,,,,,,,,,,,,,,,,,,,,,,,,,,,,,,,,,,,,,,,,,,,fallback,1717_0.58_1.39.png,True,0.5063719749450684,0.013611279428005219,2.0027167797088623,2.0265822410583496,1.0,0.5197913646697998,0.5504351258277893,0.5409038662910461,0.18589971959590912,0.003733112011104822,0.013104206882417202,0.007129639852792025,0.45980241894721985,0.48350653052330017,0.4823307394981384,0.18300679326057434,0.0013319408753886819,0.0009454111568629742,0.0004606915754266083,0.3322615921497345,0.23174135386943817,0.28405386209487915,0.06778230518102646,0.9539099335670471,0.9595226049423218,0.012211049906909466,0.9545813202857971,0.9560589790344238,0.003147353883832693,0.9520663619041443,0.9522940516471863,0.0014682527398690581,0.0,0.0011087767779827118,0.02695372700691223,0.0009765625,0.02082809805870056,0.9502399563789368,0.07390013337135315,0.2367144674062729,1.1188926691829693e-06,1.1188926691829693e-06,0.2838567793369293,0.0011087767779827118,0.02695372700691223,1.2541904181873065e-09,0.02480093203485012
1719_0.77_1.33.png,40.32955551147461,40.518436431884766,0.18888092041015625,0.9975103139877319,0.9974319338798523,-7.838010787963867e-05,0.028645753860473633,0.04072713851928711,none,,False,0.5745431780815125,0.01383119635283947,,,1.0,,,,,,,,,,,,,,,,,,,,,,,,,,,,,,,,,,,,,,,,,,,fallback,1719_0.77_1.33.png,True,0.5745431780815125,0.01383119635283947,1.9894307851791382,2.0352559089660645,1.0,0.5200899243354797,0.5501773953437805,0.5412071943283081,0.1811775267124176,0.0037355583626776934,0.013144816271960735,0.007159775123000145,0.45990148186683655,0.4834417402744293,0.48243480920791626,0.17795787751674652,0.0013314619427546859,0.000942500657401979,0.00046047448995523155,0.3518485724925995,0.23086313903331757,0.2724345028400421,0.06581216305494308,0.9538349509239197,0.9595822095870972,0.012272958643734455,0.9545583128929138,0.956089973449707,0.0030942740850150585,0.9520647525787354,0.952251136302948,0.0014963829889893532,0.0,0.0009322621626779437,0.01922008767724037,0.0005305989761836827,0.018029311671853065,0.9501608610153198,0.06477287411689758,0.2401227056980133,1.0449580258864444e-06,1.0449580258864444e-06,0.27223241329193115,0.0009322621626779437,0.01922008767724037,8.356797476238853e-10,0.024780726060271263
1725_0.91_0.81.png,41.131736755371094,41.13108825683594,-0.00064849853515625,0.9971138834953308,0.9970630407333374,-5.08427619934082e-05,0.02952098846435547,0.03878378868103027,none,,False,0.5818259119987488,0.01833520457148552,,,1.0,,,,,,,,,,,,,,,,,,,,,,,,,,,,,,,,,,,,,,,,,,,fallback,1725_0.91_0.81.png,True,0.5818259119987488,0.01833520457148552,2.076819658279419,1.684730052947998,1.0,0.5219500064849854,0.5565067529678345,0.542902410030365,0.2027721405029297,0.003983064088970423,0.014294044114649296,0.007876145653426647,0.4567786753177643,0.4831543266773224,0.47917136549949646,0.18228837847709656,0.0013325626496225595,0.0009679594077169895,0.0004710716020781547,0.42638856172561646,0.20677170157432556,0.23627085983753204,0.06024926155805588,0.953959047794342,0.9596119523048401,0.012749625369906425,0.9546050429344177,0.9558549523353577,0.003559722565114498,0.952065646648407,0.952242910861969,0.0015204885276034474,0.0,0.0008609186043031514,0.01971256174147129,1.9531249563442543e-05,0.016776438802480698,0.9501753449440002,0.0628974437713623,0.19760249555110931,8.76458386755985e-07,8.76458386755985e-07,0.2360028177499771,0.0008609186043031514,0.01971256174147129,6.315670764145409e-10,0.0242855753749609
1727_0.97_1.9.png,34.67466735839844,34.81795883178711,0.14329147338867188,0.9902315139770508,0.9902330636978149,1.5497207641601562e-06,0.027481794357299805,0.040480852127075195,none,,False,0.7208217978477478,0.011635292321443558,,,1.0,,,,,,,,,,,,,,,,,,,,,,,,,,,,,,,,,,,,,,,,,,,fallback,1727_0.97_1.9.png,True,0.7208217978477478,0.011635292321443558,1.8834505081176758,1.611713171005249,1.0,0.5227102637290955,0.5557447671890259,0.5436640977859497,0.19899660348892212,0.0040522124618291855,0.014594478532671928,0.008050559088587761,0.457845002412796,0.48307013511657715,0.4802905023097992,0.18067167699337006,0.0013398207956925035,0.0009857125114649534,0.0004792017862200737,0.26312536001205444,0.25110095739364624,0.26333823800086975,0.06420469284057617,0.9536295533180237,0.959408700466156,0.012559216469526291,0.9543931484222412,0.9559671878814697,0.0035187802277505398,0.9520688056945801,0.952250599861145,0.001639235415495932,0.0,0.0005478564999066293,0.019551346078515053,1.302083364862483e-05,0.013473695144057274,0.9499862790107727,0.044245943427085876,0.19307266175746918,1.3389798141361098e-06,1.3389798141361098e-06,0.26312679052352905,0.0005478564999066293,0.019551346078515053,4.724990398941031e-10,0.024257423356175423
1730_0.81_1.53.png,41.9575309753418,41.78564453125,-0.17188644409179688,0.997610330581665,0.9976126551628113,2.3245811462402344e-06,0.02999424934387207,0.03792881965637207,none,,False,0.5323140025138855,0.026544449850916862,,,1.0,,,,,,,,,,,,,,,,,,,,,,,,,,,,,,,,,,,,,,,,,,,fallback,1730_0.81_1.53.png,True,0.5323140025138855,0.026544449850916862,2.9707980155944824,1.499150037765503,1.0,0.5027939677238464,0.5552399158477783,0.5245192646980286,0.1782582551240921,0.0035021123476326466,0.00913031306117773,0.004963490180671215,0.46129485964775085,0.4847800135612488,0.4838331341743469,0.17389053106307983,0.0014686948852613568,0.0012800507247447968,0.0006388998590409756,0.5784674286842346,0.2292686402797699,0.20822328329086304,0.06341689825057983,0.9541478753089905,0.9606949687004089,0.01615852303802967,0.9546960592269897,0.9560996294021606,0.003841651836410165,0.9520475268363953,0.9523022770881653,0.0014305631630122662,0.0,0.0015418599359691143,0.017284445464611053,0.00013346354535315186,0.022471819072961807,0.9503524303436279,0.09148044884204865,0.19040678441524506,7.018864494057198e-07,7.018864494057198e-07,0.20790530741214752,0.0015418599359691143,0.017284445464611053,8.823207164887492e-10,0.02383316680788994
1739_0.98_1.18.png,35.70690155029297,35.95230484008789,0.24540328979492188,0.9900811910629272,0.990109920501709,2.872943878173828e-05,0.028354406356811523,0.040731191635131836,none,,False,0.6360178589820862,0.013683444820344448,,,1.0,,,,,,,,,,,,,,,,,,,,,,,,,,,,,,,,,,,,,,,,,,,fallback,1739_0.98_1.18.png,True,0.6360178589820862,0.013683444820344448,2.084320545196533,1.7481982707977295,1.0,0.5196695327758789,0.5566438436508179,0.5404604077339172,0.1892198622226715,0.003816080279648304,0.013881493359804153,0.007682438008487225,0.4524127244949341,0.48292356729507446,0.47459691762924194,0.17603522539138794,0.0013033172581344843,0.0009022513404488564,0.0004343153559602797,0.4186423420906067,0.20517109334468842,0.23290634155273438,0.053522106260061264,0.954047441482544,0.9606965184211731,0.012244794517755508,0.9544926285743713,0.9556082487106323,0.003333776956424117,0.9520671963691711,0.9522823691368103,0.0015356765361502767,0.0,0.0005054544890299439,0.018261639401316643,9.765624781721272e-06,0.014590676873922348,0.9500939249992371,0.05230885371565819,0.1725359708070755,9.109461416301201e-07,9.109461416301201e-07,0.23267756402492523,0.0005054544890299439,0.018261639401316643,4.534553843527078e-10,0.024357981979846954
1743_0.62_1.02.png,47.89105987548828,48.28645706176758,0.3953971862792969,0.9989861249923706,0.9990808963775635,9.47713851928711e-05,0.027469873428344727,0.03831601142883301,none,,False,0.4702531099319458,0.02865937165915966,,,1.0,,,,,,,,,,,,,,,,,,,,,,,,,,,,,,,,,,,,,,,,,,,fallback,1743_0.62_1.02.png,True,0.4702531099319458,0.02865937165915966,2.4475908279418945,1.791154146194458,1.0,0.5086331367492676,0.5546952486038208,0.5298989415168762,0.21082046627998352,0.003815090050920844,0.012486372143030167,0.006777499802410603,0.4545983076095581,0.48440855741500854,0.47684288024902344,0.19190584123134613,0.0014050011523067951,0.001116436324082315,0.0005460885586217046,0.6002379059791565,0.16986441612243652,0.2142488658428192,0.05515390262007713,0.95441734790802,0.9624199271202087,0.015203326940536499,0.9546643495559692,0.955879807472229,0.004169808700680733,0.9520550966262817,0.9522375464439392,0.0014410119038075209,0.0,0.0013772123493254185,0.01412870828062296,6.510416824312415e-06,0.021618297323584557,0.950394332408905,0.09011182188987732,0.20322415232658386,7.592018960167479e-07,7.592018960167479e-07,0.21389585733413696,0.0013772123493254185,0.01412870828062296,1.0766737501555212e-09,0.023778105154633522
1754_0.95_1.34.png,40.7227897644043,40.929649353027344,0.20685958862304688,0.9970397353172302,0.9970765113830566,3.6776065826416016e-05,0.029854297637939453,0.040607452392578125,none,,False,0.6653259992599487,0.012986131012439728,,,1.0,,,,,,,,,,,,,,,,,,,,,,,,,,,,,,,,,,,,,,,,,,,fallback,1754_0.95_1.34.png,True,0.6653259992599487,0.012986131012439728,2.5458343029022217,1.8564099073410034,1.0,0.5189658999443054,0.5548921823501587,0.5401910543441772,0.18476030230522156,0.0037532660644501448,0.012490524910390377,0.006965702399611473,0.46019867062568665,0.4832599461078644,0.48274004459381104,0.16994233429431915,0.0013569672591984272,0.0010250312043353915,0.0004986379062756896,0.4479300081729889,0.25010958313941956,0.2505611777305603,0.06020355597138405,0.9543139934539795,0.9605501890182495,0.013817033730447292,0.9545696973800659,0.9559399485588074,0.0036579612642526627,0.9520593285560608,0.9522262811660767,0.00145930633880198,0.0,0.000674341048579663,0.012105022557079792,3.2552084121562075e-06,0.015677308663725853,0.950168251991272,0.05973382294178009,0.18423527479171753,7.040767968646833e-07,7.040767968646833e-07,0.2503212094306946,0.000674341048579663,0.012105022557079792,4.306004164345012e-10,0.024174610152840614
1756_0.77_1.19.png,43.06663513183594,43.360321044921875,0.2936859130859375,0.9980465173721313,0.9980649352073669,1.8417835235595703e-05,0.028357267379760742,0.03904128074645996,none,,False,0.60567307472229,0.01334621012210846,,,0.9973856806755066,,,,,,,,,,,,,,,,,,,,,,,,,,,,,,,,,,,,,,,,,,,fallback,1756_0.77_1.19.png,True,0.60567307472229,0.01334621012210846,2.551750659942627,1.861284852027893,0.9973856806755066,0.5187692642211914,0.5546061396598816,0.5399916768074036,0.2093827873468399,0.003747385460883379,0.012464253231883049,0.006946304813027382,0.4600684642791748,0.4832335114479065,0.48260337114334106,0.1815929114818573,0.001355896471068263,0.0010227508610114455,0.000496765598654747,0.44158414006233215,0.25237059593200684,0.2669159471988678,0.06433675438165665,0.9543177485466003,0.9602211117744446,0.014179986901581287,0.9545798897743225,0.9557349681854248,0.0036100205034017563,0.9520607590675354,0.9522185921669006,0.0014357483014464378,0.0,0.0007941409130580723,0.01245014276355505,9.765624781721272e-06,0.017528651282191277,0.9502328634262085,0.06653477996587753,0.1877909004688263,7.98897758613748e-07,7.98897758613748e-07,0.26667454838752747,0.0007941409130580723,0.01245014276355505,6.428412246961557e-10,0.02445290982723236
1757_1.0_1.19.png,39.73717498779297,40.2390251159668,0.5018501281738281,0.9970458745956421,0.9970753192901611,2.944469451904297e-05,0.02758932113647461,0.040567636489868164,none,,False,0.6676482558250427,0.012725191190838814,,,1.0,,,,,,,,,,,,,,,,,,,,,,,,,,,,,,,,,,,,,,,,,,,fallback,1757_1.0_1.19.png,True,0.6676482558250427,0.012725191190838814,2.5804102420806885,1.4331499338150024,1.0,0.5148584246635437,0.5566499829292297,0.5362162590026855,0.19150765240192413,0.003577740164473653,0.01120899710804224,0.006261979695409536,0.46121492981910706,0.48314207792282104,0.48379191756248474,0.17964407801628113,0.0013760412111878395,0.00106373755261302,0.0005198034923523664,0.48322123289108276,0.19593657553195953,0.23784714937210083,0.04928020387887955,0.9544495940208435,0.9604577422142029,0.014296493493020535,0.9545977115631104,0.9556565284729004,0.003742318134754896,0.9520551562309265,0.9521977305412292,0.0014362327056005597,0.0,0.0006081423489376903,0.01872118003666401,0.00011393229215173051,0.015585241839289665,0.9501752853393555,0.05894644558429718,0.19408367574214935,5.806057288282318e-07,5.806057288282318e-07,0.237596794962883,0.0006081423489376903,0.01872118003666401,4.6316792068346047e-10,0.02309289388358593
175_0.58_1.26.png,38.327964782714844,37.984596252441406,-0.3433685302734375,0.9976534247398376,0.9976348876953125,-1.8537044525146484e-05,0.025640010833740234,0.028029680252075195,none,,False,0.4885340631008148,0.022810442373156548,,,0.9908496737480164,,,,,,,,,,,,,,,,,,,,,,,,,,,,,,,,,,,,,,,,,,,fallback,175_0.58_1.26.png,True,0.4885340631008148,0.022810442373156548,1.485957145690918,1.6002174615859985,0.9908496737480164,0.5102065801620483,0.5534748435020447,0.5314292311668396,0.1675526648759842,0.004205136094242334,0.013823461718857288,0.007444058544933796,0.45252272486686707,0.48479771614074707,0.4746662974357605,0.15913836658000946,0.0014563085278496146,0.0012632312718778849,0.000596399768255651,0.30633121728897095,0.2512505054473877,0.29516708850860596,0.08591896295547485,0.9537100195884705,0.9609251022338867,0.010217592120170593,0.9544999003410339,0.9555263519287109,0.0034333253279328346,0.9520633816719055,0.9523816704750061,0.001470145769417286,0.0,0.0016915706219151616,0.07608618587255478,0.0077720507979393005,0.024467993527650833,0.9503241181373596,0.08399853110313416,0.2378959208726883,8.667856832289544e-07,8.667856832289544e-07,0.2949811816215515,0.0016915706219151616,0.07608618587255478,2.1925805615552463e-09,0.024613749235868454
1765_0.51_1.47.png,39.87169647216797,38.648555755615234,-1.2231407165527344,0.9977421164512634,0.9976007342338562,-0.00014138221740722656,0.02988743782043457,0.0401914119720459,none,,False,0.5300966501235962,0.007787719368934631,,,1.0,,,,,,,,,,,,,,,,,,,,,,,,,,,,,,,,,,,,,,,,,,,fallback,1765_0.51_1.47.png,True,0.5300966501235962,0.007787719368934631,2.1360998153686523,1.1035139560699463,1.0,0.5273950099945068,0.5566408038139343,0.5484409928321838,0.17602519690990448,0.003921801224350929,0.014446462504565716,0.008014466613531113,0.4617854356765747,0.48327988386154175,0.484427809715271,0.17004361748695374,0.0013119539944455028,0.0009022066951729357,0.0004393855924718082,0.33161860704421997,0.19348950684070587,0.28739842772483826,0.05116824060678482,0.9539836049079895,0.9594860672950745,0.011858100071549416,0.9545143842697144,0.955693781375885,0.003617723472416401,0.9520708322525024,0.9523016214370728,0.0014511407352983952,0.0,0.0006487784557975829,0.01740112341940403,6.510416824312415e-06,0.018304741010069847,0.9502514600753784,0.061999041587114334,0.1331365555524826,1.016671603792929e-06,1.016671603792929e-06,0.28722596168518066,0.0006487784557975829,0.01740112341940403,7.740174057246918e-10,0.02483060210943222
1766_0.84_0.74.png,42.262779235839844,42.064781188964844,-0.197998046875,0.9979521632194519,0.997944712638855,-7.450580596923828e-06,0.028080463409423828,0.03531002998352051,none,,False,0.5870665311813354,0.00943763181567192,,,1.0,,,,,,,,,,,,,,,,,,,,,,,,,,,,,,,,,,,,,,,,,,,fallback,1766_0.84_0.74.png,True,0.5870665311813354,0.00943763181567192,2.113232374191284,1.1147392988204956,1.0,0.5285181999206543,0.556952178478241,0.5495294332504272,0.1740606427192688,0.0039757112972438335,0.014782929793000221,0.00823952816426754,0.4616321921348572,0.48315081000328064,0.4842703342437744,0.16748133301734924,0.0013104958925396204,0.0009013193775899708,0.0004414177092257887,0.44338786602020264,0.16581547260284424,0.25360310077667236,0.04701745882630348,0.9541417956352234,0.9603763818740845,0.01164733711630106,0.9545854926109314,0.955671489238739,0.0037901473697274923,0.9520680904388428,0.9522172212600708,0.001467190682888031,0.0,0.0005297815077938139,0.011841049417853355,3.2552084121562075e-06,0.015405941754579544,0.9502137899398804,0.05747836083173752,0.13699448108673096,7.992860560079862e-07,7.992860560079862e-07,0.2534051239490509,0.0005297815077938139,0.011841049417853355,4.3895639900704e-10,0.024637799710035324
1770_0.86_0.61.png,43.479095458984375,43.79863739013672,0.31954193115234375,0.9988921880722046,0.998881995677948,-1.0192394256591797e-05,0.02778911590576172,0.03534436225891113,none,,False,0.578442394733429,0.011962182819843292,,,1.0,,,,,,,,,,,,,,,,,,,,,,,,,,,,,,,,,,,,,,,,,,,fallback,1770_0.86_0.61.png,True,0.578442394733429,0.011962182819843292,2.1905195713043213,1.656906247138977,1.0,0.5258287191390991,0.5570000410079956,0.5468270778656006,0.1878400593996048,0.004052881617099047,0.014636739157140255,0.00827426090836525,0.46176066994667053,0.4833817780017853,0.4843977093696594,0.18384309113025665,0.0013490434503182769,0.0010028001852333546,0.00049091677647084,0.5654563307762146,0.1853831261396408,0.22225156426429749,0.04915973171591759,0.954800009727478,0.9622692465782166,0.016441386193037033,0.9546368718147278,0.9556628465652466,0.004054234363138676,0.9520649313926697,0.9522209167480469,0.0014682747423648834,0.0,0.0006845322204753757,0.013651266694068909,3.2552084121562075e-06,0.01618015579879284,0.9503014087677002,0.06660828739404678,0.16984079778194427,7.770527759021206e-07,7.770527759021206e-07,0.22200018167495728,0.0006845322204753757,0.013651266694068909,6.332859792124168e-10,0.024453578516840935
1773_0.58_1.45.png,42.47333526611328,43.53911590576172,1.0657806396484375,0.9984074831008911,0.9984928965568542,8.541345596313477e-05,0.03025984764099121,0.03535199165344238,none,,False,0.5000398755073547,0.015348969027400017,,,1.0,,,,,,,,,,,,,,,,,,,,,,,,,,,,,,,,,,,,,,,,,,,fallback,1773_0.58_1.45.png,True,0.5000398755073547,0.015348969027400017,2.598956346511841,1.5158993005752563,1.0,0.51798415184021,0.5528351664543152,0.5392248034477234,0.20094777643680573,0.0034623576793819666,0.011227978393435478,0.006173437461256981,0.46074479818344116,0.48229140043258667,0.4833124876022339,0.18673759698867798,0.0013270849594846368,0.0009452623198740184,0.00046688379370607436,0.45262792706489563,0.23462554812431335,0.25824108719825745,0.06414813548326492,0.9540576338768005,0.9636538624763489,0.012075792998075485,0.9546007513999939,0.9565189480781555,0.0035646979231387377,0.9520666003227234,0.9522882103919983,0.0014327337266877294,0.0,0.0011081874836236238,0.016148291528224945,0.0009830729104578495,0.020830219611525536,0.9503046274185181,0.07661870121955872,0.20317386090755463,1.037845436258067e-06,1.037845436258067e-06,0.25799062848091125,0.0011081874836236238,0.016148291528224945,1.1515337572376438e-09,0.02423318848013878
177_0.65_1.21.png,40.44868087768555,40.261592864990234,-0.1870880126953125,0.994607150554657,0.9946379661560059,3.081560134887695e-05,0.025397300720214844,0.024849891662597656,none,,False,0.492849200963974,0.01706918515264988,,,0.9960784316062927,,,,,,,,,,,,,,,,,,,,,,,,,,,,,,,,,,,,,,,,,,,fallback,177_0.65_1.21.png,True,0.492849200963974,0.01706918515264988,1.8344662189483643,1.3950672149658203,0.9960784316062927,0.4967227876186371,0.5512372851371765,0.5179119110107422,0.16923527419567108,0.003611771622672677,0.01020931825041771,0.005414408165961504,0.4425632953643799,0.4840298593044281,0.46420568227767944,0.15596924722194672,0.0014252098044380546,0.0012271361192688346,0.0005747974500991404,0.4030377268791199,0.2438647598028183,0.24042226374149323,0.08165725320577621,0.9535850286483765,0.9582225680351257,0.009163768030703068,0.9545783996582031,0.9557179808616638,0.0030824581626802683,0.9520559906959534,0.9522244334220886,0.0014425729168578982,0.0,0.0017042446415871382,0.11349700391292572,0.011620515957474709,0.024147141724824905,0.9502482414245605,0.08412554115056992,0.25970837473869324,7.230941605484986e-07,7.230941605484986e-07,0.24018017947673798,0.0017042446415871382,0.11349700391292572,2.3938928617184274e-09,0.024824779480695724
1782_0.72_0.56.png,46.90830612182617,46.45823669433594,-0.4500694274902344,0.998503565788269,0.9985224604606628,1.8894672393798828e-05,0.030514001846313477,0.03593254089355469,none,,False,0.4621461033821106,0.01702345907688141,,,1.0,,,,,,,,,,,,,,,,,,,,,,,,,,,,,,,,,,,,,,,,,,,fallback,1782_0.72_0.56.png,True,0.4621461033821106,0.01702345907688141,2.3200459480285645,1.6421043872833252,1.0,0.5262867212295532,0.5567314624786377,0.5472230911254883,0.19450199604034424,0.004084418527781963,0.01510859839618206,0.008467012085020542,0.4607042670249939,0.4839121699333191,0.4832955002784729,0.19351884722709656,0.001328516285866499,0.0009514731355011463,0.000470741797471419,0.5459575653076172,0.1735442876815796,0.22863243520259857,0.0635642558336258,0.9543336033821106,0.9610947370529175,0.014354808256030083,0.954707145690918,0.9559914469718933,0.004021373111754656,0.9520658850669861,0.9522055387496948,0.0014610073994845152,0.0,0.00133907503914088,0.020208237692713737,0.00016927083197515458,0.020307127386331558,0.9503311514854431,0.08385050296783447,0.22881782054901123,8.319357220898382e-07,8.319357220898382e-07,0.22833529114723206,0.00133907503914088,0.020208237692713737,1.0091451008165109e-09,0.023689087480306625
1785_0.51_1.95.png,44.648704528808594,44.73293685913086,0.08423233032226562,0.9981176257133484,0.9981893301010132,7.170438766479492e-05,0.02851080894470215,0.03614449501037598,none,,False,0.5537838935852051,0.012531419284641743,,,1.0,,,,,,,,,,,,,,,,,,,,,,,,,,,,,,,,,,,,,,,,,,,fallback,1785_0.51_1.95.png,True,0.5537838935852051,0.012531419284641743,2.492255210876465,1.608330488204956,1.0,0.5232288837432861,0.5568054914474487,0.5442545413970947,0.1949000358581543,0.003860026365146041,0.013641995377838612,0.0076117622666060925,0.4600377380847931,0.4832131266593933,0.48258695006370544,0.18267856538295746,0.0013359131990000606,0.000970974680967629,0.00047143251867964864,0.43147656321525574,0.23299723863601685,0.26248615980148315,0.06373419612646103,0.9543365836143494,0.9604439735412598,0.014815728180110455,0.9546083807945251,0.9559900164604187,0.003770414274185896,0.9520682096481323,0.9522887468338013,0.0014515162911266088,0.0,0.0007713036611676216,0.010837575420737267,2.604166729724966e-05,0.018496854230761528,0.9502978324890137,0.06805119663476944,0.17673367261886597,1.0276037301082397e-06,1.0276037301082397e-06,0.2622426450252533,0.0007713036611676216,0.010837575420737267,9.544213197543172e-10,0.02440480701625347
1789_0.73_0.64.png,46.42304992675781,46.32080078125,-0.1022491455078125,0.997256875038147,0.997578501701355,0.0003216266632080078,0.027663707733154297,0.0360865592956543,none,,False,0.43905526399612427,0.013991296291351318,,,1.0,,,,,,,,,,,,,,,,,,,,,,,,,,,,,,,,,,,,,,,,,,,fallback,1789_0.73_0.64.png,True,0.43905526399612427,0.013991296291351318,3.001573085784912,1.6428627967834473,1.0,0.5154298543930054,0.5568073987960815,0.5368385910987854,0.18238292634487152,0.003492404008284211,0.010906347073614597,0.006014471407979727,0.46146291494369507,0.48344066739082336,0.4840525984764099,0.18108154833316803,0.0013587194262072444,0.0010214068461209536,0.0005035598878748715,0.5919557213783264,0.16066838800907135,0.21318751573562622,0.04839303344488144,0.954391598701477,0.9603559970855713,0.014091229997575283,0.9545896649360657,0.9558458924293518,0.003673552069813013,0.9520562887191772,0.9522209763526917,0.001415939419530332,0.0,0.001346660079434514,0.012819449417293072,3.2552084121562075e-06,0.021740954369306564,0.9503539204597473,0.09004808217287064,0.19133703410625458,6.055782932889997e-07,6.055782932889997e-07,0.21290066838264465,0.001346660079434514,0.012819449417293072,7.809881630294058e-10,0.02310784161090851
178_0.59_1.89.png,37.00883865356445,36.77330780029297,-0.23553085327148438,0.9925960302352905,0.9924758672714233,-0.0001201629638671875,0.025399446487426758,0.025238990783691406,none,,False,0.5444557070732117,0.01474520843476057,,,0.9960784316062927,,,,,,,,,,,,,,,,,,,,,,,,,,,,,,,,,,,,,,,,,,,fallback,178_0.59_1.89.png,True,0.5444557070732117,0.01474520843476057,1.8072495460510254,1.3798694610595703,0.9960784316062927,0.49704572558403015,0.550885021686554,0.5182621479034424,0.16940899193286896,0.0036041310522705317,0.010155538097023964,0.005359217524528503,0.44330060482025146,0.4843001663684845,0.4649781882762909,0.1561429351568222,0.0014262122567743063,0.0012265562545508146,0.0005776112666353583,0.3331480920314789,0.24324606359004974,0.25987687706947327,0.09209278970956802,0.9533999562263489,0.9578847885131836,0.008764841593801975,0.9544784426689148,0.9557362794876099,0.0031195308547466993,0.9520594477653503,0.9522370100021362,0.0014846345875412226,0.0,0.0012311412720009685,0.10936193913221359,0.008303670212626457,0.021037589758634567,0.9501656889915466,0.06893216818571091,0.25522580742836,8.865574727678904e-07,8.865574727678904e-07,0.2596572935581207,0.0012311412720009685,0.10936193913221359,1.997669363262844e-09,0.024791477248072624
1797_0.62_0.78.png,50.76301193237305,50.4069709777832,-0.35604095458984375,0.997535228729248,0.9975671768188477,3.1948089599609375e-05,0.027591705322265625,0.04044818878173828,none,,False,0.3334760367870331,0.008382915519177914,,,1.0,,,,,,,,,,,,,,,,,,,,,,,,,,,,,,,,,,,,,,,,,,,fallback,1797_0.62_0.78.png,True,0.3334760367870331,0.008382915519177914,2.4658005237579346,1.3851288557052612,1.0,0.5010266304016113,0.5504909753799438,0.5229200720787048,0.19248098134994507,0.00400009099394083,0.011388775892555714,0.005982865579426289,0.46269887685775757,0.48456552624702454,0.48528748750686646,0.1865885704755783,0.001547680119983852,0.00142742320895195,0.0007059474592097104,0.5451620221138,0.17723745107650757,0.20488835871219635,0.0576900951564312,0.953887939453125,0.960227370262146,0.011311065405607224,0.9545117616653442,0.9559223651885986,0.003610145766288042,0.9520475268363953,0.9522079229354858,0.0014837938360869884,0.0,0.0024830345064401627,0.022848932072520256,0.01105468813329935,0.02922051213681698,0.9504318833351135,0.11088727414608002,0.25545090436935425,6.354387096507708e-07,6.354387096507708e-07,0.20464417338371277,0.0024830345064401627,0.022848932072520256,1.3541898713498313e-09,0.022558895871043205
1799_0.93_0.72.png,48.89239501953125,48.654998779296875,-0.237396240234375,0.9966332912445068,0.9966632127761841,2.9921531677246094e-05,0.02769756317138672,0.037904977798461914,none,,False,0.3905816078186035,0.00850214809179306,,,1.0,,,,,,,,,,,,,,,,,,,,,,,,,,,,,,,,,,,,,,,,,,,fallback,1799_0.93_0.72.png,True,0.3905816078186035,0.00850214809179306,2.457540273666382,1.4132845401763916,1.0,0.5002659559249878,0.5500060319900513,0.5222203135490417,0.19261768460273743,0.004039005376398563,0.011419127695262432,0.006009693257510662,0.46366190910339355,0.48454415798187256,0.4862919747829437,0.1974547952413559,0.001563847647048533,0.0014600286958739161,0.000724421173799783,0.5532045960426331,0.18342502415180206,0.19430764019489288,0.05537968501448631,0.9537596106529236,0.9608258008956909,0.01125727966427803,0.9545099139213562,0.9556969404220581,0.0037202525418251753,0.9520460963249207,0.9522104263305664,0.0015165989752858877,0.0,0.002194557571783662,0.022965559735894203,0.017246093600988388,0.026397813111543655,0.9503635168075562,0.10010943561792374,0.25735312700271606,5.890756824555865e-07,5.890756824555865e-07,0.19406326115131378,0.002194557571783662,0.022965559735894203,1.0285382545660582e-09,0.02224169485270977
1800_0.61_1.92.png,45.6851806640625,44.812530517578125,-0.872650146484375,0.9943706393241882,0.9942787885665894,-9.185075759887695e-05,0.02815532684326172,0.04077506065368652,none,,False,0.4200276732444763,0.006335623562335968,,,1.0,,,,,,,,,,,,,,,,,,,,,,,,,,,,,,,,,,,,,,,,,,,fallback,1800_0.61_1.92.png,True,0.4200276732444763,0.006335623562335968,2.3156208992004395,1.4720135927200317,1.0,0.5015569925308228,0.5500558614730835,0.523444652557373,0.19736389815807343,0.003985896240919828,0.011390913277864456,0.005959924776107073,0.46375560760498047,0.48470190167427063,0.4863967001438141,0.19781839847564697,0.001543587539345026,0.001413205754943192,0.0006999425240792334,0.32404378056526184,0.2507278323173523,0.27030256390571594,0.08404036611318588,0.9534654021263123,0.9595901966094971,0.010669942013919353,0.9543852210044861,0.9557526707649231,0.0035153436474502087,0.9520541429519653,0.9522647857666016,0.0015574353747069836,0.0,0.0017585695022717118,0.02229221723973751,0.005716145969927311,0.025106454268097878,0.9502562880516052,0.08034832030534744,0.25213387608528137,1.0065419928650954e-06,1.0065419928650954e-06,0.2701150178909302,0.0017585695022717118,0.02229221723973751,1.18261467285663e-09,0.022556614130735397
1810_0.54_1.97.png,40.886619567871094,39.10338592529297,-1.783233642578125,0.9929003715515137,0.9927695989608765,-0.00013077259063720703,0.02825927734375,0.03765273094177246,none,,False,0.37427911162376404,0.006428970955312252,,,1.0,,,,,,,,,,,,,,,,,,,,,,,,,,,,,,,,,,,,,,,,,,,fallback,1810_0.54_1.97.png,True,0.37427911162376404,0.006428970955312252,2.398747205734253,1.5926910638809204,1.0,0.5114226341247559,0.550665557384491,0.532865583896637,0.21501553058624268,0.003536543110385537,0.01087956316769123,0.005812216550111771,0.46126922965049744,0.4836885333061218,0.4838384985923767,0.19822554290294647,0.001389246666803956,0.0010851157130673528,0.0005346143152564764,0.30919545888900757,0.21211881935596466,0.2843437194824219,0.06996655464172363,0.9535709619522095,0.9598718285560608,0.010635009035468102,0.9543365836143494,0.9559610486030579,0.0032311768736690283,0.9520582556724548,0.9523255228996277,0.0014910047175362706,0.0,0.0012764728162437677,0.022824104875326157,0.002978515811264515,0.023804649710655212,0.9502140879631042,0.07836723327636719,0.20653490722179413,9.932567763826228e-07,9.932567763826228e-07,0.28416675329208374,0.0012764728162437677,0.022824104875326157,1.319780285058414e-09,0.019258690997958183
1813_0.71_0.7.png,47.65479278564453,47.82294464111328,0.16815185546875,0.9976922273635864,0.9977104067802429,1.817941665649414e-05,0.0280911922454834,0.04085397720336914,none,,False,0.3373382091522217,0.009964140132069588,,,1.0,,,,,,,,,,,,,,,,,,,,,,,,,,,,,,,,,,,,,,,,,,,fallback,1813_0.71_0.7.png,True,0.3373382091522217,0.009964140132069588,2.500723361968994,1.555029034614563,1.0,0.5042632222175598,0.556251585483551,0.5255591869354248,0.17415645718574524,0.0035793997813016176,0.011055681854486465,0.005968979559838772,0.4499504566192627,0.4835563600063324,0.47196081280708313,0.1664901077747345,0.0013960840879008174,0.001114605343900621,0.0005346671096049249,0.6709722876548767,0.13274145126342773,0.18725912272930145,0.05108043551445007,0.9545812010765076,0.9597456455230713,0.015263489447534084,0.9545577168464661,0.9555877447128296,0.0038425088860094547,0.9520524144172668,0.9522176384925842,0.001412238460034132,0.0,0.0021640844643115997,0.017003070563077927,0.0041438802145421505,0.027094777673482895,0.950455904006958,0.1162685677409172,0.2639290988445282,5.598728307631973e-07,5.598728307631973e-07,0.18698827922344208,0.0021640844643115997,0.017003070563077927,1.2880437827433866e-09,0.02169835940003395
1814_0.55_0.54.png,48.941490173339844,48.804893493652344,-0.1365966796875,0.9981552958488464,0.9982210993766785,6.580352783203125e-05,0.028581857681274414,0.03584885597229004,none,,False,0.3133935034275055,0.010230340994894505,,,1.0,,,,,,,,,,,,,,,,,,,,,,,,,,,,,,,,,,,,,,,,,,,fallback,1814_0.55_0.54.png,True,0.3133935034275055,0.010230340994894505,2.6204655170440674,1.6159635782241821,1.0,0.5030428171157837,0.5560579895973206,0.5244519114494324,0.17591747641563416,0.0036500971764326096,0.011200346052646637,0.006046305876225233,0.45198914408683777,0.48399606347084045,0.47408968210220337,0.16919173300266266,0.0014244173653423786,0.0011682529002428055,0.0005641223397105932,0.7140107750892639,0.12088995426893234,0.17945633828639984,0.05035444721579552,0.9547758102416992,0.9599519371986389,0.016852818429470062,0.9545559883117676,0.9557011723518372,0.0039365398697555065,0.9520502090454102,0.9522152543067932,0.0014100557891651988,0.0,0.002545043360441923,0.016187619417905807,0.0049023437313735485,0.028947429731488228,0.9505220651626587,0.12792544066905975,0.2619100511074066,5.789979695691727e-07,5.789979695691727e-07,0.17918385565280914,0.002545043360441923,0.016187619417905807,1.5401849795537714e-09,0.021723005920648575
1824_0.74_1.39.png,44.465660095214844,44.722904205322266,0.2572441101074219,0.996532142162323,0.9966005086898804,6.836652755737305e-05,0.027477741241455078,0.040892839431762695,none,,False,0.44658809900283813,0.009183736518025398,,,1.0,,,,,,,,,,,,,,,,,,,,,,,,,,,,,,,,,,,,,,,,,,,fallback,1824_0.74_1.39.png,True,0.44658809900283813,0.009183736518025398,2.544302463531494,1.8812267780303955,1.0,0.5172955393791199,0.5545843243598938,0.5385536551475525,0.1843075007200241,0.003660895861685276,0.012029269710183144,0.0065404619090259075,0.46044522523880005,0.48494845628738403,0.48299267888069153,0.18319377303123474,0.0013567858841270208,0.0010019264882430434,0.0004924092791043222,0.4188331067562103,0.2072046399116516,0.2541779577732086,0.05643962696194649,0.9537304043769836,0.9602089524269104,0.01154355052858591,0.9545257687568665,0.9559749960899353,0.003582061268389225,0.9520634412765503,0.9523022770881653,0.0014898780500516295,0.0,0.0010623082052916288,0.015141848474740982,0.001412760466337204,0.020531702786684036,0.9502438306808472,0.07322424650192261,0.24581004679203033,1.0468977507116506e-06,1.0468977507116506e-06,0.2539322078227997,0.0010623082052916288,0.015141848474740982,8.639745030514234e-10,0.02299504168331623
1826_0.77_1.17.png,46.076847076416016,46.445579528808594,0.3687324523925781,0.9964337348937988,0.9965090751647949,7.534027099609375e-05,0.029792308807373047,0.036646366119384766,none,,False,0.46110764145851135,0.008633304387331009,,,1.0,,,,,,,,,,,,,,,,,,,,,,,,,,,,,,,,,,,,,,,,,,,fallback,1826_0.77_1.17.png,True,0.46110764145851135,0.008633304387331009,2.6168320178985596,1.1043431758880615,1.0,0.49353867769241333,0.5527809858322144,0.515751838684082,0.22155937552452087,0.004079572856426239,0.010387135669589043,0.005514970049262047,0.463741272687912,0.4847955107688904,0.486349493265152,0.2194478064775467,0.0016354403924196959,0.0016562922392040491,0.0008109711925499141,0.5980044603347778,0.18497204780578613,0.22349615395069122,0.059053272008895874,0.9540963172912598,0.959970235824585,0.013964904472231865,0.9544533491134644,0.9557110071182251,0.003822150407359004,0.9520367383956909,0.9521873593330383,0.0014664827613160014,0.0,0.001983584137633443,0.012143279425799847,0.0005403645918704569,0.0257005225867033,0.9503797888755798,0.10045775026082993,0.23012089729309082,5.365044444261002e-07,5.365044444261002e-07,0.22324691712856293,0.001983584137633443,0.012143279425799847,8.761104619559035e-10,0.02236880175769329
1830_0.88_1.27.png,42.23124694824219,42.69182586669922,0.46057891845703125,0.9980908632278442,0.9981244802474976,3.361701965332031e-05,0.03643798828125,0.04108738899230957,none,,False,0.570916473865509,0.009923453442752361,,,1.0,,,,,,,,,,,,,,,,,,,,,,,,,,,,,,,,,,,,,,,,,,,fallback,1830_0.88_1.27.png,True,0.570916473865509,0.009923453442752361,2.9450631141662598,2.4261014461517334,1.0,0.5143618583679199,0.5565090179443359,0.5358162522315979,0.1862606704235077,0.004444541409611702,0.015222025103867054,0.008301964029669762,0.4628773629665375,0.48503151535987854,0.48551565408706665,0.17655259370803833,0.001493966206908226,0.0012862394796684384,0.0006368144531734288,0.5578696727752686,0.23042157292366028,0.24066683650016785,0.07349437475204468,0.9541417956352234,0.9603428244590759,0.013854882679879665,0.9546372890472412,0.9561148285865784,0.004132766276597977,0.9520601630210876,0.9523060917854309,0.0015353878261521459,0.0,0.001059049041941762,0.014905687421560287,6.510416824312415e-06,0.01910237967967987,0.9503167867660522,0.07549748569726944,0.1589759737253189,9.236450750904623e-07,9.236450750904623e-07,0.2404479831457138,0.001059049041941762,0.014905687421560287,6.034194810489169e-10,0.02347724884748459
1835_0.61_1.23.png,44.35668182373047,46.539554595947266,2.182872772216797,0.9952794313430786,0.9953274726867676,4.8041343688964844e-05,0.02798914909362793,0.03714179992675781,none,,False,0.39541247487068176,0.00619046576321125,,,1.0,,,,,,,,,,,,,,,,,,,,,,,,,,,,,,,,,,,,,,,,,,,fallback,1835_0.61_1.23.png,True,0.39541247487068176,0.00619046576321125,2.9972434043884277,2.59259295463562,1.0,0.5106935501098633,0.5568735003471375,0.5321295857429504,0.18027366697788239,0.004415939562022686,0.014847447164356709,0.008040210232138634,0.4595886468887329,0.4847313165664673,0.48206257820129395,0.1751399040222168,0.0014960343251004815,0.0013096804032102227,0.0006428484921343625,0.4610881805419922,0.27438658475875854,0.23897266387939453,0.0947088897228241,0.9541903138160706,0.9590948224067688,0.013225240632891655,0.9545021653175354,0.9560371041297913,0.0035923514515161514,0.9520565271377563,0.9523167610168457,0.0015275091864168644,0.0,0.002791837090626359,0.025983471423387527,0.02252604253590107,0.028806200250983238,0.950414776802063,0.10958107560873032,0.26605284214019775,1.0592149237709236e-06,1.0592149237709236e-06,0.23877523839473724,0.002791837090626359,0.025983471423387527,1.2843766050707472e-09,0.019885538145899773
183_0.77_0.99.png,42.877723693847656,42.74864959716797,-0.1290740966796875,0.998774528503418,0.9987413287162781,-3.319978713989258e-05,0.025927305221557617,0.02664494514465332,none,,False,0.5546084046363831,0.027014195919036865,,,0.9895424842834473,,,,,,,,,,,,,,,,,,,,,,,,,,,,,,,,,,,,,,,,,,,fallback,183_0.77_0.99.png,True,0.5546084046363831,0.027014195919036865,2.3576648235321045,2.25288724899292,0.9895424842834473,0.5150217413902283,0.557339072227478,0.5361643433570862,0.16649630665779114,0.0040187835693359375,0.013116344809532166,0.007164181210100651,0.4540282189846039,0.4847724735736847,0.47626084089279175,0.15770898759365082,0.001412641373462975,0.0011836047051474452,0.0005636532441712916,0.3608860671520233,0.23434603214263916,0.26583337783813477,0.0668272152543068,0.9536789059638977,0.9595008492469788,0.012415164150297642,0.9546005129814148,0.9561632871627808,0.0034099535550922155,0.9520612359046936,0.9522625207901001,0.0014723422937095165,0.0,0.0010895389132201672,0.08948011696338654,0.005570451263338327,0.019431279972195625,0.9501872062683105,0.06673350930213928,0.23714055120944977,8.799294732853014e-07,8.799294732853014e-07,0.26558440923690796,0.0010895389132201672,0.08948011696338654,1.3095026174525515e-09,0.02478489652276039
1846_0.88_1.38.png,40.980262756347656,41.34811782836914,0.3678550720214844,0.9966818690299988,0.9967478513717651,6.598234176635742e-05,0.028403759002685547,0.04096865653991699,none,,False,0.5864548683166504,0.010347316041588783,,,1.0,,,,,,,,,,,,,,,,,,,,,,,,,,,,,,,,,,,,,,,,,,,fallback,1846_0.88_1.38.png,True,0.5864548683166504,0.010347316041588783,2.668576717376709,1.932115077972412,1.0,0.5094932913780212,0.5565012693405151,0.5311539769172668,0.21209408342838287,0.004024408757686615,0.012191936373710632,0.006659730337560177,0.4625958502292633,0.484345406293869,0.4852094054222107,0.20618519186973572,0.0014898309018462896,0.0013235555961728096,0.0006505604833364487,0.5595060586929321,0.28404903411865234,0.2349100559949875,0.06851670891046524,0.9542244672775269,0.961089551448822,0.01439192146062851,0.9544895887374878,0.9556516408920288,0.0039511071518063545,0.9520544409751892,0.95219886302948,0.001507112174294889,0.0,0.0012659273343160748,0.012540196068584919,3.2552084121562075e-06,0.019715746864676476,0.9503055810928345,0.07629664242267609,0.22575388848781586,1.1372490007488523e-06,1.1372490007488523e-06,0.23467667400836945,0.0012659273343160748,0.012540196068584919,6.796904150618843e-10,0.022810734808444977
1847_0.55_2.0.png,41.10309982299805,40.29437255859375,-0.8087272644042969,0.9967060089111328,0.9966498613357544,-5.614757537841797e-05,0.027596712112426758,0.03781580924987793,none,,False,0.516243577003479,0.009215857833623886,,,1.0,,,,,,,,,,,,,,,,,,,,,,,,,,,,,,,,,,,,,,,,,,,fallback,1847_0.55_2.0.png,True,0.516243577003479,0.009215857833623886,2.6772375106811523,1.9237627983093262,1.0,0.508087158203125,0.5560097694396973,0.5297841429710388,0.21943002939224243,0.0040575782768428326,0.01218642108142376,0.006625326815992594,0.4625789523124695,0.48498114943504333,0.48518699407577515,0.21813111007213593,0.0015031271614134312,0.0013529581483453512,0.000664203311316669,0.49053794145584106,0.3042546808719635,0.2610108256340027,0.08624329417943954,0.9542632102966309,0.960506796836853,0.015072422102093697,0.954521119594574,0.9559144377708435,0.004327534232288599,0.9520565271377563,0.952255129814148,0.001489801099523902,0.0,0.0013785589253529906,0.014006366953253746,1.627604251552839e-05,0.022521868348121643,0.9503607153892517,0.08236674219369888,0.2188797891139984,1.1524520004968508e-06,1.1524520004968508e-06,0.2608027756214142,0.0013785589253529906,0.014006366953253746,1.0287318774615528e-09,0.02373720519244671
1849_1.0_0.53.png,45.243717193603516,45.72400665283203,0.4802894592285156,0.9986135363578796,0.9986968040466309,8.32676887512207e-05,0.02834033966064453,0.04082918167114258,none,,False,0.6245215535163879,0.01513652689754963,,,1.0,,,,,,,,,,,,,,,,,,,,,,,,,,,,,,,,,,,,,,,,,,,fallback,1849_1.0_0.53.png,True,0.6245215535163879,0.01513652689754963,2.2670881748199463,1.8662866353988647,1.0,0.5245665311813354,0.5558653473854065,0.5456499457359314,0.18819595873355865,0.004109364468604326,0.014745185151696205,0.008306975476443768,0.4620978534221649,0.4845559895038605,0.48474356532096863,0.1816224306821823,0.0013696512905880809,0.0010394435375928879,0.000516283034812659,0.6268254518508911,0.16285279393196106,0.2216608226299286,0.07260126620531082,0.9543920159339905,0.9597379565238953,0.013623028062283993,0.9546712636947632,0.9560322165489197,0.00395092973485589,0.9520670771598816,0.952201783657074,0.0014904756098985672,0.0,0.0012793191708624363,0.025786783546209335,0.009274088777601719,0.017741378396749496,0.950289249420166,0.07201039791107178,0.2646595537662506,8.885655233825673e-07,8.885655233825673e-07,0.2213984727859497,0.0012793191708624363,0.025786783546209335,7.429336590369928e-10,0.018328074365854263
184_0.81_1.03.png,41.881874084472656,41.730445861816406,-0.15142822265625,0.9985653758049011,0.9985212683677673,-4.410743713378906e-05,0.025597572326660156,0.026194334030151367,none,,False,0.5713773369789124,0.02643202804028988,,,0.9908496737480164,,,,,,,,,,,,,,,,,,,,,,,,,,,,,,,,,,,,,,,,,,,fallback,184_0.81_1.03.png,True,0.5713773369789124,0.02643202804028988,2.3511626720428467,2.251805543899536,0.9908496737480164,0.5152356028556824,0.5573397278785706,0.5363718271255493,0.16649633646011353,0.004014850594103336,0.013123814016580582,0.007172206416726112,0.4540412127971649,0.4847436547279358,0.4762752950191498,0.1577090173959732,0.001410490833222866,0.0011784484377130866,0.0005614043911918998,0.35507628321647644,0.23329050838947296,0.26477664709091187,0.06563209742307663,0.9536482095718384,0.9597328305244446,0.012359298765659332,0.9545896053314209,0.9561513066291809,0.00340733933262527,0.9520612359046936,0.9522536396980286,0.0014806287363171577,0.0,0.0010294372914358974,0.0900060310959816,0.005512666422873735,0.018815986812114716,0.9501639604568481,0.0640784278512001,0.23713035881519318,8.834258551360108e-07,8.834258551360108e-07,0.2645305097103119,0.0010294372914358974,0.0900060310959816,1.2617040745510621e-09,0.024762028828263283
1856_0.82_1.13.png,46.671905517578125,46.267356872558594,-0.40454864501953125,0.9961762428283691,0.9962824583053589,0.0001062154769897461,0.027928590774536133,0.03663325309753418,none,,False,0.30256110429763794,0.010088831186294556,,,1.0,,,,,,,,,,,,,,,,,,,,,,,,,,,,,,,,,,,,,,,,,,,fallback,1856_0.82_1.13.png,True,0.30256110429763794,0.010088831186294556,2.0122926235198975,0.8489230871200562,1.0,0.5155833959579468,0.5492631793022156,0.5369608402252197,0.1911012977361679,0.00310148810967803,0.009657333604991436,0.005211368203163147,0.4618337154388428,0.481939435005188,0.48444536328315735,0.17340649664402008,0.0013109594583511353,0.0008975195232778788,0.0004481023643165827,0.6169947981834412,0.1431441754102707,0.18624858558177948,0.05125225707888603,0.9542604684829712,0.9607343673706055,0.011739278212189674,0.9546175599098206,0.9558715224266052,0.0035600042901933193,0.9520571231842041,0.952260434627533,0.0013969228602945805,0.0,0.0018551559187471867,0.00972919911146164,0.0,0.025367187336087227,0.9503763318061829,0.1084732860326767,0.2005598098039627,4.979290793016844e-07,4.979290793016844e-07,0.18598447740077972,0.0018551559187471867,0.00972919911146164,8.769497905625201e-10,0.02170396037399769
1858_0.94_0.69.png,46.03551483154297,45.71217346191406,-0.32334136962890625,0.9971227049827576,0.9972447156906128,0.00012201070785522461,0.030107975006103516,0.041034698486328125,none,,False,0.4493476152420044,0.012731811963021755,,,1.0,,,,,,,,,,,,,,,,,,,,,,,,,,,,,,,,,,,,,,,,,,,fallback,1858_0.94_0.69.png,True,0.4493476152420044,0.012731811963021755,2.106689929962158,1.3676655292510986,1.0,0.5183430910110474,0.5555877685546875,0.5396273732185364,0.19051405787467957,0.003779263701289892,0.012463896535336971,0.006919735576957464,0.4613316059112549,0.48377010226249695,0.48392313718795776,0.19402587413787842,0.0013724635355174541,0.0010536003392189741,0.000517585314810276,0.511612057685852,0.15173983573913574,0.208612322807312,0.046303436160087585,0.9541098475456238,0.9600641131401062,0.012160822749137878,0.9545879364013672,0.955658495426178,0.0035814670845866203,0.9520585536956787,0.952191948890686,0.0014756923774257302,0.0,0.0012214118614792824,0.019412990659475327,2.27864584303461e-05,0.020328182727098465,0.9502490758895874,0.07990794628858566,0.20801955461502075,5.674928615917452e-07,5.674928615917452e-07,0.20834602415561676,0.0012214118614792824,0.019412990659475327,6.111486317017523e-10,0.023106757551431656
1860_0.77_1.07.png,45.20877456665039,45.39533996582031,0.18656539916992188,0.9965383410453796,0.9966812133789062,0.00014287233352661133,0.028783559799194336,0.03725838661193848,none,,False,0.4640480577945709,0.011336332187056541,,,1.0,,,,,,,,,,,,,,,,,,,,,,,,,,,,,,,,,,,,,,,,,,,fallback,1860_0.77_1.07.png,True,0.4640480577945709,0.011336332187056541,2.104788064956665,1.3910207748413086,1.0,0.518859326839447,0.5556371808052063,0.5401293039321899,0.1889103204011917,0.003783000400289893,0.012538734823465347,0.006919260136783123,0.4614042341709137,0.48405298590660095,0.4840008616447449,0.19083581864833832,0.0013693062355741858,0.0010460722260177135,0.0005130271310918033,0.4085925817489624,0.17453241348266602,0.2472791075706482,0.05390016362071037,0.9538487195968628,0.9602929949760437,0.011473012156784534,0.9545364379882812,0.9556559920310974,0.0034097949974238873,0.9520598649978638,0.9522219896316528,0.0014920270768925548,0.0,0.0010003455681726336,0.020134078338742256,2.27864584303461e-05,0.019410807639360428,0.9501849412918091,0.07092396169900894,0.19480378925800323,7.529366712333285e-07,7.529366712333285e-07,0.24704313278198242,0.0010003455681726336,0.020134078338742256,6.25844542856413e-10,0.023471632972359657
1865_0.56_1.08.png,45.368499755859375,44.771034240722656,-0.5974655151367188,0.9989007711410522,0.9988775253295898,-2.3245811462402344e-05,0.027643442153930664,0.04079699516296387,none,,False,0.4729836881160736,0.009673357009887695,,,1.0,,,,,,,,,,,,,,,,,,,,,,,,,,,,,,,,,,,,,,,,,,,fallback,1865_0.56_1.08.png,True,0.4729836881160736,0.009673357009887695,2.2672455310821533,1.4094080924987793,1.0,0.5231609344482422,0.5567975044250488,0.5443025231361389,0.20903737843036652,0.0036880867555737495,0.012914102524518967,0.0072511895559728146,0.462228924036026,0.48266923427581787,0.48488134145736694,0.19440603256225586,0.001318505615927279,0.000914915231987834,0.000447346392320469,0.5667449831962585,0.20169833302497864,0.23573805391788483,0.04842474311590195,0.9546538591384888,0.9605311751365662,0.015806058421730995,0.9545156359672546,0.9559511542320251,0.003496181685477495,0.952063798904419,0.9522337317466736,0.0014297233428806067,0.0,0.0010491297580301762,0.017822958528995514,0.00029622396687045693,0.020101970061659813,0.9503710865974426,0.08322454988956451,0.19602644443511963,8.809003020360251e-07,8.809003020360251e-07,0.23551879823207855,0.0010491297580301762,0.017822958528995514,1.086285394968911e-09,0.024577561765909195
1866_0.53_1.34.png,45.762474060058594,44.27398681640625,-1.4884872436523438,0.9987602233886719,0.9987182021141052,-4.202127456665039e-05,0.027894258499145508,0.03542208671569824,none,,False,0.46720439195632935,0.00916287861764431,,,1.0,,,,,,,,,,,,,,,,,,,,,,,,,,,,,,,,,,,,,,,,,,,fallback,1866_0.53_1.34.png,True,0.46720439195632935,0.00916287861764431,2.2660295963287354,1.415777564048767,1.0,0.5229435563087463,0.5568144917488098,0.5440773367881775,0.20945551991462708,0.0036915906239300966,0.012924562208354473,0.007226426154375076,0.4619666039943695,0.48266535997390747,0.4846063256263733,0.19490604102611542,0.0013185261050239205,0.0009156168671324849,0.0004456407914403826,0.5002700090408325,0.22401176393032074,0.2504117488861084,0.052831556648015976,0.9545308947563171,0.9609282612800598,0.0148977255448699,0.9544891715049744,0.956151008605957,0.0034528756514191628,0.9520644545555115,0.9522456526756287,0.0014347400283440948,0.0,0.0010458924807608128,0.019630609080195427,0.0005403645918704569,0.020660830661654472,0.9503515958786011,0.08180925250053406,0.18969227373600006,9.69582401921798e-07,9.69582401921798e-07,0.2502046525478363,0.0010458924807608128,0.019630609080195427,1.2201627486163602e-09,0.02459041215479374
1870_0.54_1.45.png,45.09153747558594,45.68009948730469,0.58856201171875,0.997175931930542,0.9971598386764526,-1.609325408935547e-05,0.02769613265991211,0.03535294532775879,none,,False,0.4877195656299591,0.01148279756307602,,,1.0,,,,,,,,,,,,,,,,,,,,,,,,,,,,,,,,,,,,,,,,,,,fallback,1870_0.54_1.45.png,True,0.4877195656299591,0.01148279756307602,2.2176477909088135,1.7440162897109985,1.0,0.5219048261642456,0.5570167899131775,0.5429167747497559,0.2062576860189438,0.003969973884522915,0.014370321296155453,0.007949547842144966,0.4589924216270447,0.48427629470825195,0.48148855566978455,0.19497306644916534,0.001338257803581655,0.0009655851172283292,0.0004709933418780565,0.38760027289390564,0.18593750894069672,0.26234665513038635,0.05217767134308815,0.9541742205619812,0.9596986770629883,0.012131021358072758,0.9545790553092957,0.9561219811439514,0.0035983650013804436,0.9520662426948547,0.9522315859794617,0.001476087374612689,0.0,0.0009545161738060415,0.025654811412096024,0.00015624999650754035,0.020163806155323982,0.950269341468811,0.07309818267822266,0.17176935076713562,9.864373851087294e-07,9.864373851087294e-07,0.26212987303733826,0.0009545161738060415,0.025654811412096024,9.881843121561928e-10,0.02377045527100563
1872_0.94_1.17.png,41.39656066894531,41.926517486572266,0.5299568176269531,0.9961913824081421,0.9961779117584229,-1.3470649719238281e-05,0.027660608291625977,0.0353848934173584,none,,False,0.586550772190094,0.012044945731759071,,,1.0,,,,,,,,,,,,,,,,,,,,,,,,,,,,,,,,,,,,,,,,,,,fallback,1872_0.94_1.17.png,True,0.586550772190094,0.012044945731759071,2.177135467529297,1.7027474641799927,1.0,0.5223686695098877,0.5570343732833862,0.5434036254882812,0.1967957317829132,0.003975456580519676,0.014406794682145119,0.008018594235181808,0.4592669904232025,0.4841320812702179,0.4817761480808258,0.1863686740398407,0.0013405530480667949,0.0009686157573014498,0.00047533310134895146,0.45598751306533813,0.1640448123216629,0.22608119249343872,0.04630285128951073,0.9542654752731323,0.9598785638809204,0.012211810797452927,0.9546092748641968,0.9562862515449524,0.003701571375131607,0.9520642161369324,0.9521974325180054,0.0015143838245421648,0.0,0.0006919432780705392,0.018983719870448112,6.510416824312415e-06,0.016179529950022697,0.9501810669898987,0.0604335181415081,0.17356808483600616,6.566821753040131e-07,6.566821753040131e-07,0.22584421932697296,0.0006919432780705392,0.018983719870448112,4.515290086271051e-10,0.02351941540837288
1881_0.99_1.74.png,37.261322021484375,37.37025451660156,0.1089324951171875,0.9879379272460938,0.9885351061820984,0.0005971789360046387,0.02761697769165039,0.03590583801269531,none,,False,0.5430929064750671,0.01119567546993494,,,1.0,,,,,,,,,,,,,,,,,,,,,,,,,,,,,,,,,,,,,,,,,,,fallback,1881_0.99_1.74.png,True,0.5430929064750671,0.01119567546993494,2.2646121978759766,1.5254652500152588,1.0,0.5120532512664795,0.5566015839576721,0.5333834886550903,0.1696360856294632,0.003756810212507844,0.012282829731702805,0.0066695185378193855,0.4561612010002136,0.4849112331867218,0.4784829914569855,0.1594865918159485,0.0014035056810826063,0.00111176329664886,0.0005470472970046103,0.49742090702056885,0.21177522838115692,0.20497095584869385,0.05902668461203575,0.9541550874710083,0.9589516520500183,0.012428618967533112,0.9545659422874451,0.9559372067451477,0.003528077621012926,0.9520562887191772,0.9522231817245483,0.001490007620304823,0.0,0.0010187808657065034,0.011125626042485237,6.510416824312415e-06,0.0189651045948267,0.950212836265564,0.07409601658582687,0.18748235702514648,5.664932700710779e-07,5.664932700710779e-07,0.20473776757717133,0.0010187808657065034,0.011125626042485237,6.411396968886152e-10,0.019971130415797234
190_0.87_0.62.png,42.799869537353516,42.34568786621094,-0.4541816711425781,0.9973176717758179,0.9972091913223267,-0.00010848045349121094,0.025696516036987305,0.02516341209411621,none,,False,0.6060894131660461,0.008680226281285286,,,0.9934641122817993,,,,,,,,,,,,,,,,,,,,,,,,,,,,,,,,,,,,,,,,,,,fallback,190_0.87_0.62.png,True,0.6060894131660461,0.008680226281285286,1.7029292583465576,2.295137643814087,0.9934641122817993,0.5171011090278625,0.552168071269989,0.5382429361343384,0.16773755848407745,0.00431457906961441,0.015203312039375305,0.008289463818073273,0.456980437040329,0.4845736622810364,0.4793566167354584,0.15938183665275574,0.0014275610446929932,0.0011759842745959759,0.0005619969451799989,0.35551679134368896,0.27186426520347595,0.24960796535015106,0.07021654397249222,0.9540683627128601,0.9593955278396606,0.011097906157374382,0.9546188116073608,0.955654501914978,0.003968116361647844,0.9520615935325623,0.9522180557250977,0.0014958798419684172,0.0,0.0015586501685902476,0.09639755636453629,0.013567863032221794,0.0210405420511961,0.9502290487289429,0.07505039870738983,0.28290846943855286,5.502577096194727e-07,5.502577096194727e-07,0.24946728348731995,0.0015586501685902476,0.09639755636453629,2.1264425775768814e-09,0.024323690682649612
1910_0.72_1.03.png,41.41968536376953,41.77364730834961,0.3539619445800781,0.9977302551269531,0.9978253841400146,9.512901306152344e-05,0.028062105178833008,0.03604555130004883,none,,False,0.5316997170448303,0.007967781275510788,,,1.0,,,,,,,,,,,,,,,,,,,,,,,,,,,,,,,,,,,,,,,,,,,fallback,1910_0.72_1.03.png,True,0.5316997170448303,0.007967781275510788,2.615640163421631,1.3405065536499023,1.0,0.5024515390396118,0.5549951791763306,0.5242833495140076,0.18963532149791718,0.0037480928003787994,0.01039151381701231,0.005589328706264496,0.46226757764816284,0.4844379127025604,0.4848428964614868,0.18770383298397064,0.001512340735644102,0.0013559958897531033,0.0006606209790334105,0.5139402151107788,0.21928390860557556,0.2545744776725769,0.06132369861006737,0.9542573094367981,0.961033284664154,0.015544488094747066,0.9544476270675659,0.9555919766426086,0.0035784721840173006,0.9520443677902222,0.9522273540496826,0.0014324454823508859,0.0,0.0011736323358491063,0.013088235631585121,0.00011067708692280576,0.020877039059996605,0.9502844214439392,0.08116737753152847,0.2137170135974884,5.318302669365949e-07,5.318302669365949e-07,0.2543495297431946,0.0011736323358491063,0.013088235631585121,6.908945082706452e-10,0.024544868618249893
1926_0.82_0.54.png,42.99407196044922,43.9951171875,1.0010452270507812,0.9981290698051453,0.9981871843338013,5.811452865600586e-05,0.028218746185302734,0.036108970642089844,none,,False,0.5284437537193298,0.01981980726122856,,,0.9973856806755066,,,,,,,,,,,,,,,,,,,,,,,,,,,,,,,,,,,,,,,,,,,fallback,1926_0.82_0.54.png,True,0.5284437537193298,0.01981980726122856,2.071908712387085,2.0638046264648438,0.9973856806755066,0.51781165599823,0.5558256506919861,0.5386898517608643,0.19527161121368408,0.004144533537328243,0.015004380606114864,0.008342395536601543,0.45246776938438416,0.48484665155410767,0.4746435284614563,0.19367669522762299,0.0013610310852527618,0.001039614318870008,0.0005052734632045031,0.571472704410553,0.20652049779891968,0.22168497741222382,0.06953149288892746,0.9543894529342651,0.9598049521446228,0.015402638353407383,0.9546769261360168,0.9561119675636292,0.003786530578508973,0.9520634412765503,0.9522469639778137,0.0014708841918036342,0.0,0.0014009905280545354,0.018914656713604927,0.00015624999650754035,0.020160717889666557,0.9503300189971924,0.08319571614265442,0.2281835526227951,7.624938689332339e-07,7.624938689332339e-07,0.2214013785123825,0.0014009905280545354,0.018914656713604927,8.242775906275313e-10,0.023912958800792694
1930_0.6_1.26.png,43.20343780517578,43.87828826904297,0.6748504638671875,0.9961237907409668,0.996224045753479,0.00010025501251220703,0.028064727783203125,0.0353851318359375,none,,False,0.4279697835445404,0.011171678081154823,,,1.0,,,,,,,,,,,,,,,,,,,,,,,,,,,,,,,,,,,,,,,,,,,fallback,1930_0.6_1.26.png,True,0.4279697835445404,0.011171678081154823,1.6865102052688599,1.5101572275161743,1.0,0.5159311294555664,0.5521442890167236,0.5369876623153687,0.22738118469715118,0.004000565502792597,0.013710293918848038,0.007495740428566933,0.45635631680488586,0.4838140904903412,0.4787117540836334,0.214166522026062,0.0013712210347875953,0.0010643097339197993,0.0005193584365770221,0.3935292661190033,0.25192829966545105,0.2610073387622833,0.07206499576568604,0.9539587497711182,0.9603244662284851,0.012294435873627663,0.9544991254806519,0.9561156630516052,0.00389090389944613,0.952062726020813,0.9522387385368347,0.0015188028337433934,0.0,0.0013196110958233476,0.025812305510044098,0.0003450521035119891,0.02202342078089714,0.9502798914909363,0.07975325733423233,0.21343277394771576,1.1715810614987276e-06,1.1715810614987276e-06,0.2607661783695221,0.0013196110958233476,0.025812305510044098,1.2275697125474494e-09,0.023226900026202202
1933_0.8_0.97.png,38.45786666870117,39.78038787841797,1.3225212097167969,0.9961749911308289,0.9964966773986816,0.0003216862678527832,0.030014753341674805,0.03903007507324219,none,,False,0.4883323907852173,0.008207614533603191,,,1.0,,,,,,,,,,,,,,,,,,,,,,,,,,,,,,,,,,,,,,,,,,,fallback,1933_0.8_0.97.png,True,0.4883323907852173,0.008207614533603191,2.0001888275146484,1.5636446475982666,1.0,0.521699845790863,0.5526200532913208,0.5428708791732788,0.2083171159029007,0.003550013294443488,0.01236910279840231,0.006772689055651426,0.46186769008636475,0.48277193307876587,0.48449915647506714,0.18743360042572021,0.0013100320938974619,0.0008895721402950585,0.00043493640259839594,0.39911168813705444,0.16555872559547424,0.25898581743240356,0.05584394186735153,0.9538671374320984,0.9592270255088806,0.01031180564314127,0.9545882344245911,0.9556707143783569,0.003618926275521517,0.952064037322998,0.9522000551223755,0.0014747403329238296,0.0,0.0007833772688172758,0.018464278429746628,1.302083364862483e-05,0.018104586750268936,0.9501904249191284,0.06477899104356766,0.19084122776985168,8.403652600463829e-07,8.403652600463829e-07,0.25877684354782104,0.0007833772688172758,0.018464278429746628,6.228977889044529e-10,0.024248860776424408
1935_0.69_0.62.png,41.5833854675293,42.913917541503906,1.3305320739746094,0.9978534579277039,0.9980497360229492,0.00019627809524536133,0.0282132625579834,0.0402369499206543,none,,False,0.4241298735141754,0.009051182307302952,,,1.0,,,,,,,,,,,,,,,,,,,,,,,,,,,,,,,,,,,,,,,,,,,fallback,1935_0.69_0.62.png,True,0.4241298735141754,0.009051182307302952,2.0113461017608643,1.606661081314087,1.0,0.5219493508338928,0.5524469017982483,0.5431041717529297,0.2072647660970688,0.0035683298483490944,0.012502538040280342,0.006856965366750956,0.46164700388908386,0.48279353976249695,0.48426881432533264,0.18648332357406616,0.0013087773695588112,0.0008861239766702056,0.000434904417488724,0.4979427754878998,0.14256303012371063,0.24598567187786102,0.056717075407505035,0.9541081786155701,0.9593433737754822,0.011039651930332184,0.9546449780464172,0.9558704495429993,0.0038513820618391037,0.9520634412765503,0.9522068500518799,0.0014349762350320816,0.0,0.0010853501735255122,0.01930917426943779,1.627604251552839e-05,0.0205343347042799,0.9502952694892883,0.08001050353050232,0.1933787614107132,7.859035804358427e-07,7.859035804358427e-07,0.24575449526309967,0.0010853501735255122,0.01930917426943779,8.478672763878592e-10,0.024227892979979515
1936_0.52_1.67.png,40.32510757446289,41.28357696533203,0.9584693908691406,0.9960377216339111,0.9962342977523804,0.00019657611846923828,0.03000473976135254,0.03922104835510254,none,,False,0.44906067848205566,0.006993341259658337,,,1.0,,,,,,,,,,,,,,,,,,,,,,,,,,,,,,,,,,,,,,,,,,,fallback,1936_0.52_1.67.png,True,0.44906067848205566,0.006993341259658337,1.9972326755523682,1.575868844985962,1.0,0.5214163064956665,0.5528256297111511,0.5425509810447693,0.21908019483089447,0.003571847453713417,0.012516194023191929,0.0068301553837955,0.46132543683052063,0.4827881157398224,0.4839317500591278,0.18786585330963135,0.0013075805036351085,0.0008844594121910632,0.00043038101284764707,0.29827606678009033,0.16649752855300903,0.294538676738739,0.05981046333909035,0.9537337422370911,0.9588192701339722,0.010394139215350151,0.9544952511787415,0.9563398957252502,0.0034617886412888765,0.9520662426948547,0.9523098468780518,0.0014695825520902872,0.0,0.0008338716579601169,0.025512240827083588,0.0010319011053070426,0.02015063166618347,0.9502108693122864,0.06576508283615112,0.18496578931808472,1.039592461893335e-06,1.039592461893335e-06,0.29436036944389343,0.0008338716579601169,0.025512240827083588,1.0102207959050702e-09,0.02429148368537426
1939_0.93_1.32.png,34.12262725830078,34.96666717529297,0.8440399169921875,0.98582524061203,0.9860165119171143,0.00019127130508422852,0.027837514877319336,0.04104185104370117,none,,False,0.6166293621063232,0.009256241843104362,,,1.0,,,,,,,,,,,,,,,,,,,,,,,,,,,,,,,,,,,,,,,,,,,fallback,1939_0.93_1.32.png,True,0.6166293621063232,0.009256241843104362,1.679565668106079,1.6343636512756348,1.0,0.5256716012954712,0.5562791228294373,0.5463800430297852,0.20858034491539001,0.004167452920228243,0.01568538509309292,0.008746050298213959,0.4572470188140869,0.4830653965473175,0.4796794652938843,0.20534291863441467,0.0013189411256462336,0.0009464920731261373,0.0004620289837475866,0.3004358112812042,0.2124110758304596,0.27714306116104126,0.06468017399311066,0.9537656903266907,0.9583763480186462,0.011416999623179436,0.9545980095863342,0.9561143517494202,0.003767474554479122,0.9520658850669861,0.9522449970245361,0.0015715903136879206,0.0,0.0005644643097184598,0.01823679357767105,7.812499825377017e-05,0.014307313598692417,0.9500331282615662,0.04957517609000206,0.2300271987915039,1.0925616606982658e-06,1.0925616606982658e-06,0.2769485414028168,0.0005644643097184598,0.01823679357767105,4.962141808562137e-10,0.024012112990021706
1941_0.75_1.0.png,40.98591613769531,41.604007720947266,0.6180915832519531,0.998432993888855,0.9984936714172363,6.0677528381347656e-05,0.029997825622558594,0.03719615936279297,none,,False,0.6916136741638184,0.00970449112355709,,,1.0,,,,,,,,,,,,,,,,,,,,,,,,,,,,,,,,,,,,,,,,,,,fallback,1941_0.75_1.0.png,True,0.6916136741638184,0.00970449112355709,2.2767534255981445,1.939467430114746,1.0,0.5255926847457886,0.5570223927497864,0.5465073585510254,0.20881304144859314,0.003964313305914402,0.014394658617675304,0.008133008144795895,0.46050339937210083,0.48244330286979675,0.4830848276615143,0.20127469301223755,0.0013251157943159342,0.0009477101266384125,0.00046514731366187334,0.5427320599555969,0.22767451405525208,0.2557958960533142,0.055566154420375824,0.9548169374465942,0.9602375030517578,0.01764260046184063,0.9545857906341553,0.9559841752052307,0.004041657317429781,0.9520692229270935,0.9522000551223755,0.0014684359775856137,0.0,0.00038510403828695416,0.009280760772526264,0.0,0.014062654227018356,0.950290322303772,0.05402867868542671,0.11319231241941452,1.030670546242618e-06,1.030670546242618e-06,0.2556130290031433,0.00038510403828695416,0.009280760772526264,5.411104342378792e-10,0.024174949154257774
1948_0.76_0.93.png,42.027191162109375,42.17616653442383,0.14897537231445312,0.9961427450180054,0.9961346387863159,-8.106231689453125e-06,0.028380155563354492,0.040998220443725586,none,,False,0.5425664186477661,0.016708243638277054,,,1.0,,,,,,,,,,,,,,,,,,,,,,,,,,,,,,,,,,,,,,,,,,,fallback,1948_0.76_0.93.png,True,0.5425664186477661,0.016708243638277054,1.916186809539795,1.801627516746521,1.0,0.5212157368659973,0.5534138083457947,0.5420250296592712,0.20581942796707153,0.003912853542715311,0.014389154501259327,0.007889214903116226,0.45254191756248474,0.48368656635284424,0.47473421692848206,0.18866601586341858,0.0013030626578256488,0.0009029224747791886,0.0004338006838224828,0.36769360303878784,0.17236410081386566,0.2569939196109772,0.052224043756723404,0.9538241624832153,0.9606544971466064,0.011715120635926723,0.9545950293540955,0.9558312296867371,0.003328766208142042,0.9520673751831055,0.9522119164466858,0.0015050398651510477,0.0,0.000635492498986423,0.019047936424613,0.00023437500931322575,0.016565438359975815,0.9501603841781616,0.05908980220556259,0.18709197640419006,9.672197620602674e-07,9.672197620602674e-07,0.25674208998680115,0.000635492498986423,0.019047936424613,6.726293411141171e-10,0.024246806278824806
194_0.82_0.6.png,43.58768081665039,43.669960021972656,0.08227920532226562,0.9970360994338989,0.9972409009933472,0.0002048015594482422,0.02577996253967285,0.026889324188232422,none,,False,0.5168614983558655,0.01548093743622303,,,0.9960784316062927,,,,,,,,,,,,,,,,,,,,,,,,,,,,,,,,,,,,,,,,,,,fallback,194_0.82_0.6.png,True,0.5168614983558655,0.01548093743622303,1.5336978435516357,1.6097908020019531,0.9960784316062927,0.5162535309791565,0.5539568662643433,0.5370467305183411,0.16727975010871887,0.00389925972558558,0.013903538696467876,0.007588997483253479,0.44730859994888306,0.48375797271728516,0.46923622488975525,0.15877573192119598,0.001329468679614365,0.0009841154096648097,0.0004584025009535253,0.39950400590896606,0.21338361501693726,0.2274250090122223,0.05458137392997742,0.9539321660995483,0.9598914980888367,0.01038766372948885,0.9546700119972229,0.9556064605712891,0.0037562809884548187,0.9520655870437622,0.9522162675857544,0.001469212118536234,0.0,0.0009703565738163888,0.062120091170072556,0.004096939694136381,0.01932656019926071,0.9502160549163818,0.06905456632375717,0.1783093363046646,5.384134169617028e-07,5.384134169617028e-07,0.22722363471984863,0.0009703565738163888,0.062120091170072556,1.0221939961141402e-09,0.024256914854049683
1951_0.53_1.59.png,36.12679672241211,36.01206970214844,-0.11472702026367188,0.9944074153900146,0.9944460391998291,3.8623809814453125e-05,0.02797698974609375,0.03911733627319336,none,,False,0.5191310048103333,0.010304134339094162,,,1.0,,,,,,,,,,,,,,,,,,,,,,,,,,,,,,,,,,,,,,,,,,,fallback,1951_0.53_1.59.png,True,0.5191310048103333,0.010304134339094162,1.6333341598510742,1.4978601932525635,1.0,0.52435302734375,0.5558381080627441,0.5450173020362854,0.2013011872768402,0.004082176834344864,0.015416608192026615,0.008467607200145721,0.4542689621448517,0.4822850823402405,0.4765568673610687,0.1938818246126175,0.0013035875745117664,0.0009089043014682829,0.0004367220390122384,0.23289628326892853,0.18094612658023834,0.31772440671920776,0.06187115237116814,0.9537285566329956,0.9597786068916321,0.011729748919606209,0.9545260071754456,0.9560279250144958,0.0034752567298710346,0.9520735740661621,0.9523057341575623,0.0015401868149638176,0.0,0.0006155247101560235,0.018711255863308907,0.00023437500931322575,0.017823727801442146,0.9501538276672363,0.055839210748672485,0.19931648671627045,1.4044030649529304e-06,1.4044030649529304e-06,0.3175581991672516,0.0006155247101560235,0.018711255863308907,1.0480497580900305e-09,0.024706535041332245
1955_0.78_1.21.png,42.24333190917969,42.50785827636719,0.2645263671875,0.9977547526359558,0.997746467590332,-8.285045623779297e-06,0.028159618377685547,0.04032492637634277,none,,False,0.5348519086837769,0.018115440383553505,,,0.9973856806755066,,,,,,,,,,,,,,,,,,,,,,,,,,,,,,,,,,,,,,,,,,,fallback,1955_0.78_1.21.png,True,0.5348519086837769,0.018115440383553505,1.8955806493759155,1.1989188194274902,0.9973856806755066,0.5064929127693176,0.5569676160812378,0.5274193286895752,0.23107677698135376,0.0034574009478092194,0.011068228632211685,0.006049079820513725,0.44657161831855774,0.48303377628326416,0.46844443678855896,0.20719678699970245,0.001321821240708232,0.0009623090736567974,0.000460725772427395,0.5212360620498657,0.210415780544281,0.22849880158901215,0.06609152257442474,0.9544403553009033,0.9602024555206299,0.014042929746210575,0.9546048045158386,0.9559774994850159,0.0037859445437788963,0.9520595669746399,0.9522382616996765,0.0014211825327947736,0.0,0.0009901891462504864,0.01656966470181942,7.486979302484542e-05,0.019275793805718422,0.950292706489563,0.07602362334728241,0.16847001016139984,7.513619948440464e-07,7.513619948440464e-07,0.22823865711688995,0.0009901891462504864,0.01656966470181942,8.325270473008572e-10,0.0245222095400095
1959_0.72_1.33.png,40.786163330078125,41.156494140625,0.370330810546875,0.9971513748168945,0.9970998764038086,-5.14984130859375e-05,0.030048847198486328,0.037900686264038086,none,,False,0.5683459043502808,0.015610940754413605,,,1.0,,,,,,,,,,,,,,,,,,,,,,,,,,,,,,,,,,,,,,,,,,,fallback,1959_0.72_1.33.png,True,0.5683459043502808,0.015610940754413605,1.6428263187408447,1.9364773035049438,1.0,0.5254334807395935,0.5561372637748718,0.546125590801239,0.21366605162620544,0.004228455480188131,0.016076646745204926,0.008885646238923073,0.4561307430267334,0.4838622808456421,0.4785079061985016,0.19393378496170044,0.001322147436439991,0.00094413518672809,0.0004565670096781105,0.3176991045475006,0.2134551852941513,0.28044211864471436,0.06131958216428757,0.9539375901222229,0.9608624577522278,0.012264886870980263,0.9546313881874084,0.9560055136680603,0.003407356794923544,0.9520718455314636,0.9522480368614197,0.001548169064335525,0.0,0.000626850756816566,0.019624097272753716,0.00015950521628838032,0.01658232882618904,0.9501641988754272,0.05743960291147232,0.17420272529125214,1.2708320582532906e-06,1.2708320582532906e-06,0.28024008870124817,0.000626850756816566,0.019624097272753716,8.328989720141067e-10,0.024674735963344574
1964_0.6_0.61.png,45.282623291015625,46.12640380859375,0.843780517578125,0.9981952905654907,0.9982444047927856,4.9114227294921875e-05,0.028586149215698242,0.04085564613342285,none,,False,0.4658207595348358,0.02423003688454628,,,1.0,,,,,,,,,,,,,,,,,,,,,,,,,,,,,,,,,,,,,,,,,,,fallback,1964_0.6_0.61.png,True,0.4658207595348358,0.02423003688454628,1.695835828781128,1.5180115699768066,1.0,0.5226843953132629,0.5568984150886536,0.543451726436615,0.21160627901554108,0.003992155659943819,0.014708360657095909,0.008124144747853279,0.4539144039154053,0.4826381504535675,0.47617748379707336,0.19878606498241425,0.001313626766204834,0.0009361607953906059,0.00045664451317861676,0.5281630754470825,0.18597038090229034,0.2224307805299759,0.05751218646764755,0.9542983174324036,0.9595573544502258,0.013390808366239071,0.9547305703163147,0.9561286568641663,0.003910424187779427,0.9520676732063293,0.9522173404693604,0.0014607104239985347,0.0,0.0012796405935660005,0.018943294882774353,1.627604251552839e-05,0.020497623831033707,0.9503346681594849,0.08495389670133591,0.21414607763290405,9.288660862694087e-07,9.288660862694087e-07,0.22210414707660675,0.0012796405935660005,0.018943294882774353,1.1155183443634087e-09,0.024383189156651497
1970_0.94_1.51.png,36.34893035888672,36.78953552246094,0.44060516357421875,0.988578200340271,0.9886363744735718,5.817413330078125e-05,0.028390169143676758,0.03885364532470703,none,,False,0.6975030303001404,0.009566593915224075,,,1.0,,,,,,,,,,,,,,,,,,,,,,,,,,,,,,,,,,,,,,,,,,,fallback,1970_0.94_1.51.png,True,0.6975030303001404,0.009566593915224075,1.4237124919891357,1.5417953729629517,1.0,0.51982581615448,0.5522943735122681,0.5406463146209717,0.2103416472673416,0.0038607472088187933,0.014033224433660507,0.0077133760787546635,0.4534444212913513,0.48267504572868347,0.4756784737110138,0.19040323793888092,0.001301401644013822,0.0008971209754236042,0.0004319574509281665,0.25536343455314636,0.20579087734222412,0.28015607595443726,0.05333811044692993,0.9537845849990845,0.9608486294746399,0.011121449992060661,0.9544411301612854,0.9562203884124756,0.0036475826054811478,0.952067494392395,0.9522532224655151,0.0015997678274288774,0.0,0.000258757354458794,0.007603429723531008,0.0,0.01228638831526041,0.9499855637550354,0.037236183881759644,0.10608594864606857,1.221686488861451e-06,1.221686488861451e-06,0.2799812853336334,0.000258757354458794,0.007603429723531008,3.4923228198202594e-10,0.024480339139699936
1976_0.53_0.82.png,45.707115173339844,45.48185729980469,-0.22525787353515625,0.9989389777183533,0.9989264011383057,-1.2576580047607422e-05,0.029391050338745117,0.04059863090515137,none,,False,0.4946000277996063,0.01298210397362709,,,0.9764706492424011,,,,,,,,,,,,,,,,,,,,,,,,,,,,,,,,,,,,,,,,,,,fallback,1976_0.53_0.82.png,True,0.4946000277996063,0.01298210397362709,1.7640169858932495,1.3438185453414917,0.9764706492424011,0.5212424993515015,0.5534833669662476,0.5421231389045715,0.20229806005954742,0.0036924502346664667,0.013589701615273952,0.007486728020012379,0.45603546500205994,0.48166486620903015,0.4783962666988373,0.18943889439105988,0.0012832850916311145,0.0008326826500706375,0.000401541794417426,0.388595312833786,0.16621068120002747,0.27304863929748535,0.04962696507573128,0.9542791843414307,0.9611599445343018,0.012782690115272999,0.9546236395835876,0.9559851288795471,0.003592776833102107,0.9520676136016846,0.9522387385368347,0.0014325197553262115,0.0,0.0008643271867185831,0.01783013343811035,0.0005175781552679837,0.019978612661361694,0.950273871421814,0.0727757140994072,0.17275099456310272,9.558546025800752e-07,9.558546025800752e-07,0.27282214164733887,0.0008643271867185831,0.01783013343811035,1.1214542627868695e-09,0.024972323328256607
1981_0.66_1.25.png,42.54911804199219,43.13356399536133,0.5844459533691406,0.996792197227478,0.9968341588973999,4.1961669921875e-05,0.024485111236572266,0.03832817077636719,none,,False,0.5188234448432922,0.012112543918192387,,,1.0,,,,,,,,,,,,,,,,,,,,,,,,,,,,,,,,,,,,,,,,,,,fallback,1981_0.66_1.25.png,True,0.5188234448432922,0.012112543918192387,1.7045100927352905,1.2509765625,1.0,0.525118350982666,0.5553345084190369,0.5458498001098633,0.20901542901992798,0.0039839791133999825,0.015127412974834442,0.00834386982023716,0.4550260603427887,0.4818296432495117,0.4773494601249695,0.191891610622406,0.001290546846576035,0.0008647994254715741,0.00042007621959783137,0.3682791590690613,0.159897118806839,0.2672179639339447,0.052146635949611664,0.9540926218032837,0.9600738883018494,0.011918444186449051,0.9546523094177246,0.955933153629303,0.003734071273356676,0.9520706534385681,0.9522091150283813,0.001506742206402123,0.0,0.0006895680562593043,0.015165984630584717,1.627604251552839e-05,0.017337320372462273,0.9501973986625671,0.06253228336572647,0.1916986107826233,1.0493636182218324e-06,1.0493636182218324e-06,0.2669983506202698,0.0006895680562593043,0.015165984630584717,8.160103703858113e-10,0.02466381900012493
1992_0.81_1.62.png,36.88581085205078,37.58906555175781,0.7032546997070312,0.9919235706329346,0.9920892715454102,0.00016570091247558594,0.026288509368896484,0.04058194160461426,none,,False,0.6500891447067261,0.007625590078532696,,,1.0,,,,,,,,,,,,,,,,,,,,,,,,,,,,,,,,,,,,,,,,,,,fallback,1992_0.81_1.62.png,True,0.6500891447067261,0.007625590078532696,1.554451584815979,1.568756341934204,1.0,0.5228383541107178,0.5534453392028809,0.5435059666633606,0.22131842374801636,0.0041360147297382355,0.01558383647352457,0.008564608171582222,0.4542052447795868,0.48454606533050537,0.4764861762523651,0.19473397731781006,0.0013155812630429864,0.0009400175185874104,0.0004500090144574642,0.18658389151096344,0.1584072858095169,0.3179248571395874,0.05155482143163681,0.9535385370254517,0.9599326848983765,0.011285586282610893,0.9544389247894287,0.9556504487991333,0.003210676135495305,0.95207279920578,0.952247142791748,0.0015795141225680709,0.0,0.0003264649712946266,0.01059721875935793,6.510416824312415e-06,0.01441127061843872,0.9500221014022827,0.041802916675806046,0.13566739857196808,1.3893243249185616e-06,1.3893243249185616e-06,0.3177917003631592,0.0003264649712946266,0.01059721875935793,5.445788264779594e-10,0.0245608352124691
1999_0.93_0.74.png,38.24542236328125,38.405120849609375,0.159698486328125,0.9960904121398926,0.9960038661956787,-8.654594421386719e-05,0.02809000015258789,0.03542160987854004,none,,False,0.5451105833053589,0.01400686427950859,,,1.0,,,,,,,,,,,,,,,,,,,,,,,,,,,,,,,,,,,,,,,,,,,fallback,1999_0.93_0.74.png,True,0.5451105833053589,0.01400686427950859,1.8374247550964355,1.7661641836166382,1.0,0.5213664174079895,0.5550477504730225,0.5423054099082947,0.21202370524406433,0.003899364499375224,0.013897418044507504,0.00773326400667429,0.45575591921806335,0.48291483521461487,0.47809794545173645,0.1858416050672531,0.0013244941364973783,0.0009486488997936249,0.00046161547652445734,0.5139625072479248,0.2008880227804184,0.21744303405284882,0.05696450546383858,0.9543835520744324,0.9604880809783936,0.01317396480590105,0.95462965965271,0.9559798240661621,0.003785860724747181,0.9520648717880249,0.9522053003311157,0.0014880369417369366,0.0,0.0010311994701623917,0.013953198678791523,6.510416824312415e-06,0.01823067106306553,0.9502549171447754,0.07349669188261032,0.19609013199806213,7.225058311632893e-07,7.225058311632893e-07,0.21718302369117737,0.0010311994701623917,0.013953198678791523,7.039312466261549e-10,0.024431496858596802
199_0.81_1.86.png,37.51536560058594,37.74446487426758,0.22909927368164062,0.9976829290390015,0.9977124929428101,2.956390380859375e-05,0.017700672149658203,0.02474355697631836,none,,False,0.6303797364234924,0.03808727115392685,,,0.9921568632125854,,,,,,,,,,,,,,,,,,,,,,,,,,,,,,,,,,,,,,,,,,,fallback,199_0.81_1.86.png,True,0.6303797364234924,0.03808727115392685,1.2825593948364258,1.0173147916793823,0.9921568632125854,0.4896363615989685,0.5499998331069946,0.5105152130126953,0.1652907282114029,0.0036806128919124603,0.010971021838486195,0.005701854359358549,0.43724486231803894,0.4845088720321655,0.4586261510848999,0.15852707624435425,0.0014277590671554208,0.0012220392236486077,0.0005618369323201478,0.3668802082538605,0.21742971241474152,0.25488579273223877,0.0617181658744812,0.953552782535553,0.9625433683395386,0.00944074522703886,0.9545876979827881,0.9556078910827637,0.0035433198790997267,0.952056348323822,0.9523997902870178,0.0014467495493590832,0.0,0.0008890642202459276,0.04610083997249603,0.003686667885631323,0.018226923421025276,0.9501624703407288,0.06162087246775627,0.16491276025772095,8.297024578496348e-07,8.297024578496348e-07,0.2546524107456207,0.0008890642202459276,0.04610083997249603,1.2565135598663346e-09,0.024723105132579803
2000_0.86_0.62.png,40.86553192138672,41.1689338684082,0.3034019470214844,0.9974414110183716,0.9973865747451782,-5.4836273193359375e-05,0.024393796920776367,0.035353660583496094,none,,False,0.5187018513679504,0.014560116454958916,,,1.0,,,,,,,,,,,,,,,,,,,,,,,,,,,,,,,,,,,,,,,,,,,fallback,2000_0.86_0.62.png,True,0.5187018513679504,0.014560116454958916,1.8496065139770508,1.7791744470596313,1.0,0.521354615688324,0.5551283955574036,0.5422881245613098,0.21199674904346466,0.003906289581209421,0.013931750319898129,0.007748584728688002,0.4556886851787567,0.4829152524471283,0.47802767157554626,0.1855485588312149,0.0013248109025880694,0.0009498213184997439,0.0004625348374247551,0.5373423099517822,0.19097724556922913,0.2216203808784485,0.05862821638584137,0.9544468522071838,0.9604721069335938,0.013400696218013763,0.9546627998352051,0.9559827446937561,0.0038700501900166273,0.9520648717880249,0.9522024989128113,0.001471283263526857,0.0,0.0011130464263260365,0.013968603685498238,6.510416824312415e-06,0.01901838928461075,0.950290858745575,0.07803697139024734,0.19885273277759552,7.502665653191798e-07,7.502665653191798e-07,0.2213544249534607,0.0011130464263260365,0.013968603685498238,8.095056291956837e-10,0.024531427770853043
2001_0.55_1.42.png,44.94612121582031,45.22369384765625,0.2775726318359375,0.9987879991531372,0.998809278011322,2.1278858184814453e-05,0.024409055709838867,0.03531312942504883,none,,False,0.482820987701416,0.016058070585131645,,,0.9960784912109375,,,,,,,,,,,,,,,,,,,,,,,,,,,,,,,,,,,,,,,,,,,fallback,2001_0.55_1.42.png,True,0.482820987701416,0.016058070585131645,2.9249427318573,2.4193649291992188,0.9960784912109375,0.5183008313179016,0.556283175945282,0.5396731495857239,0.21207624673843384,0.0038559637032449245,0.013065297156572342,0.007190597243607044,0.4635315537452698,0.4847978353500366,0.4862246811389923,0.1949625313282013,0.0013848196249455214,0.0010552700841799378,0.0005225333734415472,0.557634711265564,0.21226206421852112,0.23357610404491425,0.06532421708106995,0.9544196724891663,0.9597831964492798,0.01468663290143013,0.9546098113059998,0.9567732214927673,0.0038447745610028505,0.952060341835022,0.9522448778152466,0.0014560973504558206,0.0,0.0013025262160226703,0.016481023281812668,9.765624781721272e-06,0.021156616508960724,0.9503769874572754,0.08597780019044876,0.17366346716880798,8.186963782463863e-07,8.186963782463863e-07,0.23328308761119843,0.0013025262160226703,0.016481023281812668,9.732633587944406e-10,0.024551086127758026
2008_0.92_1.41.png,40.320953369140625,40.78392791748047,0.46297454833984375,0.9960354566574097,0.9960635900497437,2.8133392333984375e-05,0.02442789077758789,0.035980224609375,none,,False,0.6540355086326599,0.009137354791164398,,,1.0,,,,,,,,,,,,,,,,,,,,,,,,,,,,,,,,,,,,,,,,,,,fallback,2008_0.92_1.41.png,True,0.6540355086326599,0.009137354791164398,2.2154438495635986,2.8715317249298096,1.0,0.5280812382698059,0.5538482666015625,0.5489386320114136,0.1844676285982132,0.004406169522553682,0.016964929178357124,0.009391115978360176,0.45973390340805054,0.4850662350654602,0.4822792708873749,0.18270884454250336,0.001351556391455233,0.0009789429605007172,0.00047570010065101087,0.27350562810897827,0.17630799114704132,0.2698521912097931,0.051234934478998184,0.9538933634757996,0.9596479535102844,0.011892096139490604,0.9545837640762329,0.9558131694793701,0.003926762845367193,0.9520693421363831,0.9523181915283203,0.0016135887708514929,0.0,0.0003720865352079272,0.014859490096569061,9.765624781721272e-06,0.013494952581822872,0.9500631093978882,0.043877311050891876,0.12885606288909912,1.0420842500025174e-06,1.0420842500025174e-06,0.2696705162525177,0.0003720865352079272,0.014859490096569061,5.095175947822383e-10,0.024548141285777092
2011_0.66_1.68.png,38.56157302856445,38.501712799072266,-0.0598602294921875,0.9942950010299683,0.994387149810791,9.21487808227539e-05,0.02490401268005371,0.03609299659729004,none,,False,0.6191516518592834,0.008986540138721466,,,1.0,,,,,,,,,,,,,,,,,,,,,,,,,,,,,,,,,,,,,,,,,,,fallback,2011_0.66_1.68.png,True,0.6191516518592834,0.008986540138721466,1.5469610691070557,1.3420827388763428,1.0,0.5275914669036865,0.5555065870285034,0.5483831167221069,0.21408028900623322,0.0041020940989255905,0.015513145364820957,0.00854821503162384,0.4582791328430176,0.4824870228767395,0.4807618260383606,0.19647125899791718,0.0013057608157396317,0.000904109503608197,0.0004391268885228783,0.202301025390625,0.1355479210615158,0.30163833498954773,0.05079510435461998,0.9534975290298462,0.9598188996315002,0.011393713764846325,0.9544501900672913,0.9560297131538391,0.003610932966694236,0.9520776867866516,0.9522159099578857,0.0015932397218421102,0.0,0.0003377626708243042,0.014448900707066059,3.2552084121562075e-06,0.014350890181958675,0.9500558972358704,0.0405951626598835,0.13334965705871582,1.792722059690277e-06,1.792722059690277e-06,0.30146524310112,0.0003377626708243042,0.014448900707066059,5.725351304164406e-10,0.024372216314077377
2015_0.63_0.9.png,47.50177764892578,47.31598663330078,-0.185791015625,0.9974238872528076,0.9974087476730347,-1.5139579772949219e-05,0.02500605583190918,0.03637290000915527,none,,False,0.37193313241004944,0.009944561868906021,,,1.0,,,,,,,,,,,,,,,,,,,,,,,,,,,,,,,,,,,,,,,,,,,fallback,2015_0.63_0.9.png,True,0.37193313241004944,0.009944561868906021,3.1510250568389893,2.135948657989502,1.0,0.515080988407135,0.5557559728622437,0.5365045070648193,0.19447405636310577,0.0038155699148774147,0.012193306349217892,0.006577939260751009,0.46096986532211304,0.48471736907958984,0.48352861404418945,0.1676856130361557,0.0014086021110415459,0.0011336191091686487,0.0005522850551642478,0.5718570351600647,0.20666058361530304,0.21457545459270477,0.057020992040634155,0.9540800452232361,0.9597383141517639,0.012496847659349442,0.9545273780822754,0.9557164311408997,0.003980375826358795,0.9520590305328369,0.9522433876991272,0.0014839464565739036,0.0,0.001509329304099083,0.023058122023940086,0.0003417968691792339,0.02356082573533058,0.9503864645957947,0.09507918357849121,0.17918317019939423,8.716140769138292e-07,8.716140769138292e-07,0.2143459916114807,0.001509329304099083,0.023058122023940086,1.065749488660117e-09,0.022892741486430168
2017_0.66_0.86.png,44.830299377441406,44.48973846435547,-0.3405609130859375,0.995710551738739,0.9957675933837891,5.704164505004883e-05,0.025014877319335938,0.054076433181762695,none,,False,0.33101263642311096,0.01729741320014,,,1.0,,,,,,,,,,,,,,,,,,,,,,,,,,,,,,,,,,,,,,,,,,,fallback,2017_0.66_0.86.png,True,0.33101263642311096,0.01729741320014,2.3026185035705566,1.1364920139312744,1.0,0.5149571895599365,0.5567105412483215,0.5360319018363953,0.18572814762592316,0.0035126726143062115,0.011540726758539677,0.006252329330891371,0.45416688919067383,0.48230674862861633,0.47641614079475403,0.1868302971124649,0.0013276106910780072,0.0009636325994506478,0.00046804905286990106,0.5860212445259094,0.17719139158725739,0.20403844118118286,0.0567210353910923,0.9541553258895874,0.9600607752799988,0.012255133129656315,0.9546060562133789,0.9556638598442078,0.0037068454548716545,0.9520599842071533,0.9522398114204407,0.0014211859088391066,0.0,0.0019030706025660038,0.019155435264110565,0.00011393229215173051,0.025035753846168518,0.9503762125968933,0.10620205104351044,0.2094891220331192,7.315406946872827e-07,7.315406946872827e-07,0.20376646518707275,0.0019030706025660038,0.019155435264110565,1.243454006427669e-09,0.022423796355724335
2018_0.79_1.89.png,40.571075439453125,40.418724060058594,-0.15235137939453125,0.9910054206848145,0.9910447001457214,3.927946090698242e-05,0.025020599365234375,0.037113189697265625,none,,False,0.43764737248420715,0.013943586498498917,,,1.0,,,,,,,,,,,,,,,,,,,,,,,,,,,,,,,,,,,,,,,,,,,fallback,2018_0.79_1.89.png,True,0.43764737248420715,0.013943586498498917,2.300985336303711,1.1637405157089233,1.0,0.5140262246131897,0.5564481616020203,0.5351043343544006,0.17978258430957794,0.0035141734406352043,0.011404755525290966,0.00616637384518981,0.4532316327095032,0.4825853705406189,0.4754331707954407,0.17640508711338043,0.0013331208610907197,0.0009806721936911345,0.0004731825029011816,0.418387234210968,0.21320843696594238,0.239050954580307,0.061950359493494034,0.9536755681037903,0.9593720436096191,0.01126173697412014,0.9544981122016907,0.9557008743286133,0.0033064966555684805,0.952060878276825,0.9522804617881775,0.0014939821558073163,0.0,0.0011084810830652714,0.015172927640378475,9.765624781721272e-06,0.020227251574397087,0.9501813650131226,0.075260229408741,0.2006048560142517,8.037749807954242e-07,8.037749807954242e-07,0.23882731795310974,0.0011084810830652714,0.015172927640378475,7.3824379942522e-10,0.02249939925968647
2019_0.67_0.95.png,44.29314422607422,43.92351150512695,-0.3696327209472656,0.9955171346664429,0.9955574870109558,4.035234451293945e-05,0.025179386138916016,0.035341739654541016,none,,False,0.3392382264137268,0.01696673035621643,,,1.0,,,,,,,,,,,,,,,,,,,,,,,,,,,,,,,,,,,,,,,,,,,fallback,2019_0.67_0.95.png,True,0.3392382264137268,0.01696673035621643,2.3010644912719727,1.1434060335159302,1.0,0.5148775577545166,0.5567371249198914,0.5359452366828918,0.18520154058933258,0.003516365773975849,0.011558927595615387,0.006257948465645313,0.4539947509765625,0.48230016231536865,0.4762357175350189,0.18581102788448334,0.0013275441015139222,0.0009641520446166396,0.00046798065886832774,0.5662366151809692,0.18406926095485687,0.20856107771396637,0.05751063674688339,0.9541023969650269,0.9600608944892883,0.012090045027434826,0.9545998573303223,0.9556812644004822,0.003678463865071535,0.9520601630210876,0.952246367931366,0.0014270468382164836,0.0,0.0018116198480129242,0.01880669593811035,0.00011393229215173051,0.024596357718110085,0.95035719871521,0.10294487327337265,0.208430677652359,7.386142897303216e-07,7.386142897303216e-07,0.20829343795776367,0.0018116198480129242,0.01880669593811035,1.1867574700730188e-09,0.022440308704972267
2021_0.96_1.65.png,37.40387725830078,38.153446197509766,0.7495689392089844,0.994820773601532,0.9949550032615662,0.0001342296600341797,0.0287322998046875,0.03528785705566406,none,,False,0.6840755343437195,0.010133720003068447,,,1.0,,,,,,,,,,,,,,,,,,,,,,,,,,,,,,,,,,,,,,,,,,,fallback,2021_0.96_1.65.png,True,0.6840755343437195,0.010133720003068447,2.0577051639556885,1.3146076202392578,1.0,0.5254024267196655,0.5542159676551819,0.5463718175888062,0.20602083206176758,0.0037537419702857733,0.013852008618414402,0.007697956636548042,0.46073099970817566,0.48185887932777405,0.4833223521709442,0.18632487952709198,0.0012941776076331735,0.0008533061482012272,0.0004189931496512145,0.33842605352401733,0.19015809893608093,0.25193941593170166,0.052679989486932755,0.9541152119636536,0.960182785987854,0.011392618529498577,0.9545649290084839,0.9557041525840759,0.003285210346803069,0.9520652294158936,0.9522650837898254,0.0015094088157638907,0.0,0.0004320389998611063,0.008628210052847862,0.0,0.013865232467651367,0.9500664472579956,0.048201389610767365,0.16204462945461273,7.975953622008092e-07,7.975953622008092e-07,0.2517593502998352,0.0004320389998611063,0.008628210052847862,3.323578356972945e-10,0.024139562621712685
202_0.82_1.42.png,37.5062141418457,38.01585388183594,0.5096397399902344,0.995383620262146,0.9955925941467285,0.00020897388458251953,0.017942190170288086,0.025016069412231445,none,,False,0.5925207138061523,0.015247495844960213,,,0.9921568632125854,,,,,,,,,,,,,,,,,,,,,,,,,,,,,,,,,,,,,,,,,,,fallback,202_0.82_1.42.png,True,0.5925207138061523,0.015247495844960213,1.585559606552124,1.821950078010559,0.9921568632125854,0.5224683284759521,0.5564562678337097,0.5434558391571045,0.16668929159641266,0.004139384254813194,0.014678475446999073,0.007998151704668999,0.4560719430446625,0.48443445563316345,0.47842517495155334,0.15797747671604156,0.0013732915977016091,0.0010780872544273734,0.000512768339831382,0.28419220447540283,0.2383638471364975,0.2948242425918579,0.0803147479891777,0.9534894824028015,0.9594769477844238,0.01084189210087061,0.9545501470565796,0.9557235240936279,0.003353128209710121,0.9520682692527771,0.9523031711578369,0.001521386206150055,0.0,0.0009897593408823013,0.09434817731380463,0.007015070412307978,0.017977893352508545,0.9501204490661621,0.05991044268012047,0.2533230781555176,9.573193437972805e-07,9.573193437972805e-07,0.29467570781707764,0.0009897593408823013,0.09434817731380463,1.2562969553542302e-09,0.024981796741485596
2043_0.97_0.54.png,43.38016891479492,43.18074035644531,-0.19942855834960938,0.9983734488487244,0.998346209526062,-2.7239322662353516e-05,0.026383399963378906,0.03537750244140625,none,,False,0.6113167405128479,0.011125151067972183,,,1.0,,,,,,,,,,,,,,,,,,,,,,,,,,,,,,,,,,,,,,,,,,,fallback,2043_0.97_0.54.png,True,0.6113167405128479,0.011125151067972183,1.6130467653274536,1.9273271560668945,1.0,0.5239405632019043,0.5487784147262573,0.5448547601699829,0.1944073587656021,0.0038993542548269033,0.014233231544494629,0.007996860891580582,0.45873236656188965,0.4826939105987549,0.48122528195381165,0.1779206395149231,0.0013112023007124662,0.0009059738367795944,0.0004430607659742236,0.49373626708984375,0.20718176662921906,0.22873103618621826,0.04404575377702713,0.9546245336532593,0.9621120691299438,0.013711562380194664,0.954658031463623,0.9556832313537598,0.003952038940042257,0.9520652294158936,0.9522565603256226,0.0014801286160945892,0.0,0.0005845940904691815,0.010289941914379597,3.2552084121562075e-06,0.01521068625152111,0.9502086043357849,0.0592721588909626,0.19927535951137543,6.619565624532697e-07,6.619565624532697e-07,0.22849106788635254,0.0005845940904691815,0.010289941914379597,4.718387902613586e-10,0.02335171215236187
2045_0.94_0.71.png,40.670372009277344,41.04463577270508,0.3742637634277344,0.99672532081604,0.9967746138572693,4.929304122924805e-05,0.028018951416015625,0.03600573539733887,none,,False,0.5723448991775513,0.01573086902499199,,,0.9986928701400757,,,,,,,,,,,,,,,,,,,,,,,,,,,,,,,,,,,,,,,,,,,fallback,2045_0.94_0.71.png,True,0.5723448991775513,0.01573086902499199,1.7557026147842407,1.5539580583572388,0.9986928701400757,0.5235266089439392,0.5568221211433411,0.5443235635757446,0.20394739508628845,0.0040209596045315266,0.014683084562420845,0.008204403333365917,0.45436301827430725,0.48257869482040405,0.47664734721183777,0.18362577259540558,0.0013218560488894582,0.0009613442816771567,0.00046648792340420187,0.47961685061454773,0.19946028292179108,0.22157318890094757,0.053389567881822586,0.9542930126190186,0.96112459897995,0.01334828045219183,0.9546399116516113,0.9559094309806824,0.0038487084675580263,0.9520672559738159,0.952193558216095,0.0015260155778378248,0.0,0.000728897750377655,0.016757067292928696,3.2552084121562075e-06,0.016162728890776634,0.9502003192901611,0.0625854879617691,0.18542619049549103,8.625391387795389e-07,8.625391387795389e-07,0.22131069004535675,0.000728897750377655,0.016757067292928696,5.670873770569074e-10,0.024266745895147324
2047_0.52_1.45.png,41.214683532714844,41.2415657043457,0.026882171630859375,0.9968576431274414,0.9968037605285645,-5.3882598876953125e-05,0.029700040817260742,0.03606390953063965,none,,False,0.4830739200115204,0.012267968617379665,,,0.98562091588974,,,,,,,,,,,,,,,,,,,,,,,,,,,,,,,,,,,,,,,,,,,fallback,2047_0.52_1.45.png,True,0.4830739200115204,0.012267968617379665,1.784377932548523,1.5502592325210571,0.98562091588974,0.5209788084030151,0.5568363666534424,0.5418107509613037,0.20675736665725708,0.003984861541539431,0.014236272312700748,0.00787404552102089,0.45396751165390015,0.4829201400279999,0.4762268662452698,0.1934857815504074,0.00133083900436759,0.0009843491716310382,0.0004725205071736127,0.31863632798194885,0.23109546303749084,0.2903086543083191,0.07181759178638458,0.9540295600891113,0.96181321144104,0.012926124036312103,0.9545522332191467,0.9560701251029968,0.003732874058187008,0.952069103717804,0.9522800445556641,0.0015096444403752685,0.0,0.000927991874050349,0.024188078939914703,0.0015364583814516664,0.020335856825113297,0.9502409100532532,0.07033142447471619,0.1815149188041687,1.268673599952308e-06,1.268673599952308e-06,0.2900928854942322,0.000927991874050349,0.024188078939914703,1.3168592882806252e-09,0.02483028545975685
204_0.59_0.52.png,46.45774841308594,46.879966735839844,0.42221832275390625,0.998877227306366,0.998877227306366,0.0,0.018236637115478516,0.025362253189086914,none,,False,0.4564441442489624,0.02211451530456543,,,0.9921568632125854,,,,,,,,,,,,,,,,,,,,,,,,,,,,,,,,,,,,,,,,,,,fallback,204_0.59_0.52.png,True,0.4564441442489624,0.02211451530456543,1.7447898387908936,1.9229716062545776,0.9921568632125854,0.5204610228538513,0.5562002062797546,0.5414775013923645,0.16674460470676422,0.004092722665518522,0.014313237741589546,0.007842598482966423,0.45520517230033875,0.4846634566783905,0.47751158475875854,0.15805533528327942,0.0013775088591501117,0.0010890582343563437,0.000518483342602849,0.4174506366252899,0.236886665225029,0.2592011094093323,0.07215660810470581,0.9541080594062805,0.9604291319847107,0.011102166026830673,0.9546794295310974,0.9556589722633362,0.003793337382376194,0.9520649313926697,0.9522910714149475,0.00145165144931525,0.0,0.001828333013691008,0.07730857282876968,0.006477672141045332,0.02424200065433979,0.9503436088562012,0.09142067283391953,0.21669901907444,8.484481668347144e-07,8.484481668347144e-07,0.25899848341941833,0.001828333013691008,0.07730857282876968,1.8067444207403582e-09,0.024960873648524284
2052_0.66_0.92.png,43.17850112915039,43.428916931152344,0.2504158020019531,0.997962236404419,0.9979979395866394,3.5703182220458984e-05,0.02757430076599121,0.03590559959411621,none,,False,0.518621563911438,0.014013346284627914,,,1.0,,,,,,,,,,,,,,,,,,,,,,,,,,,,,,,,,,,,,,,,,,,fallback,2052_0.66_0.92.png,True,0.518621563911438,0.014013346284627914,2.5449047088623047,1.6241611242294312,1.0,0.5178989171981812,0.5570679306983948,0.5391935110092163,0.21968378126621246,0.003517318982630968,0.011437787674367428,0.006328534800559282,0.4608341455459595,0.48278605937957764,0.48340272903442383,0.20261166989803314,0.001338936504907906,0.0009745762799866498,0.0004779949376825243,0.4992717206478119,0.18867374956607819,0.24865563213825226,0.05522017180919647,0.9543406367301941,0.9598710536956787,0.014654282480478287,0.9545853734016418,0.9558891654014587,0.0035404921509325504,0.952058732509613,0.9521788358688354,0.0014200836885720491,0.0,0.0008391634910367429,0.015055229887366295,3.2552084121562075e-06,0.01848868653178215,0.95026695728302,0.07284092158079147,0.16462764143943787,6.818557949372916e-07,6.818557949372916e-07,0.24839946627616882,0.0008391634910367429,0.015055229887366295,6.399884511232301e-10,0.02458583004772663
2053_0.5_1.19.png,42.55736541748047,42.941532135009766,0.3841667175292969,0.9983552694320679,0.998394250869751,3.898143768310547e-05,0.02825641632080078,0.03961515426635742,none,,False,0.41881847381591797,0.011993584223091602,,,1.0,,,,,,,,,,,,,,,,,,,,,,,,,,,,,,,,,,,,,,,,,,,fallback,2053_0.5_1.19.png,True,0.41881847381591797,0.011993584223091602,2.412346839904785,1.4707012176513672,1.0,0.5156262516975403,0.5565991997718811,0.5369707345962524,0.20312811434268951,0.003447168041020632,0.010738834738731384,0.00592836644500494,0.45973896980285645,0.4830796420574188,0.48224905133247375,0.19159500300884247,0.0013438340974971652,0.0009943495970219374,0.00048688313108868897,0.4800388216972351,0.2121759057044983,0.2551873028278351,0.06701533496379852,0.954279899597168,0.9616163969039917,0.01342948991805315,0.9546061158180237,0.9564382433891296,0.003491362789645791,0.9520585536956787,0.9522349238395691,0.0014072093181312084,0.0,0.0014381023356691003,0.017956778407096863,0.0003287760482635349,0.02343820594251156,0.9503353238105774,0.09203731268644333,0.19210387766361237,8.246925062849186e-07,8.246925062849186e-07,0.2549491822719574,0.0014381023356691003,0.017956778407096863,1.0975576003602328e-09,0.02458706684410572
2054_0.96_1.13.png,39.65132522583008,39.706424713134766,0.0550994873046875,0.9953622817993164,0.9954209327697754,5.8650970458984375e-05,0.029992103576660156,0.04015755653381348,none,,False,0.5243993401527405,0.012156963348388672,,,1.0,,,,,,,,,,,,,,,,,,,,,,,,,,,,,,,,,,,,,,,,,,,fallback,2054_0.96_1.13.png,True,0.5243993401527405,0.012156963348388672,2.52193284034729,1.5090913772583008,1.0,0.5124430656433105,0.5566121935844421,0.5339156985282898,0.2083478569984436,0.0034964140504598618,0.010517125017940998,0.005803923588246107,0.4602612555027008,0.48369544744491577,0.4827837347984314,0.18856097757816315,0.0013792590470984578,0.0010774797992780805,0.0005276936572045088,0.5236610770225525,0.2155793458223343,0.21967807412147522,0.05873800441622734,0.954247772693634,0.9610847234725952,0.013509957119822502,0.9545912146568298,0.9560510516166687,0.003447434166446328,0.9520538449287415,0.9522334337234497,0.0014493640046566725,0.0,0.0011885075364261866,0.01783382147550583,3.2552084121562075e-06,0.019936813041567802,0.9502335786819458,0.07925546169281006,0.20392927527427673,5.805143814541225e-07,5.805143814541225e-07,0.2194301337003708,0.0011885075364261866,0.01783382147550583,5.665913294095049e-10,0.023913219571113586
2055_0.69_0.57.png,45.23030090332031,45.65620040893555,0.4258995056152344,0.998900830745697,0.9989241361618042,2.3305416107177734e-05,0.02921009063720703,0.03537607192993164,none,,False,0.43384110927581787,0.013909000903367996,,,1.0,,,,,,,,,,,,,,,,,,,,,,,,,,,,,,,,,,,,,,,,,,,fallback,2055_0.69_0.57.png,True,0.43384110927581787,0.013909000903367996,2.491548538208008,1.4913777112960815,1.0,0.5142745971679688,0.5565654635429382,0.5356674194335938,0.20572282373905182,0.0034417209681123495,0.010506347753107548,0.005825529806315899,0.45972880721092224,0.48332691192626953,0.4822334945201874,0.192489355802536,0.0013548287097364664,0.0010213927598670125,0.0005007100407965481,0.6116005778312683,0.1725578010082245,0.22240687906742096,0.05798809602856636,0.9545298218727112,0.9605994820594788,0.015006667003035545,0.9546507000923157,0.955996572971344,0.0036647003144025803,0.9520556926727295,0.9521838426589966,0.0013980403309687972,0.0,0.001536217168904841,0.0174935944378376,9.765624781721272e-06,0.022708851844072342,0.9503796696662903,0.09665258973836899,0.20446260273456573,6.476587941506295e-07,6.476587941506295e-07,0.22213374078273773,0.001536217168904841,0.0174935944378376,9.269982559345635e-10,0.024448279291391373
2057_0.86_0.85.png,42.226287841796875,42.294002532958984,0.06771469116210938,0.9973432421684265,0.9973387718200684,-4.470348358154297e-06,0.024888992309570312,0.03540682792663574,none,,False,0.4712132215499878,0.016009971499443054,,,1.0,,,,,,,,,,,,,,,,,,,,,,,,,,,,,,,,,,,,,,,,,,,fallback,2057_0.86_0.85.png,True,0.4712132215499878,0.016009971499443054,2.319664478302002,1.5586363077163696,1.0,0.5140806436538696,0.5529339909553528,0.5352398753166199,0.20356538891792297,0.0033891210332512856,0.011111083440482616,0.006081820465624332,0.45456716418266296,0.4832739233970642,0.4768321216106415,0.19174934923648834,0.001310993218794465,0.0009144469513557851,0.00044722994789481163,0.5848696231842041,0.19179043173789978,0.21823212504386902,0.053712695837020874,0.9542938470840454,0.961665689945221,0.01373021025210619,0.9546400308609009,0.9560805559158325,0.0036365645937621593,0.9520596265792847,0.9522169828414917,0.0014133141376078129,0.0,0.0012127552181482315,0.0193101204931736,1.302083364862483e-05,0.020503642037510872,0.9503186345100403,0.08578766137361526,0.18300773203372955,6.229832933968282e-07,6.229832933968282e-07,0.21792922914028168,0.0012127552181482315,0.0193101204931736,7.86783027617588e-10,0.024264633655548096
2063_0.76_1.8.png,41.27018356323242,41.99797058105469,0.7277870178222656,0.9949859976768494,0.9949693083763123,-1.6689300537109375e-05,0.02646350860595703,0.035419464111328125,none,,False,0.4485766589641571,0.011525368317961693,,,1.0,,,,,,,,,,,,,,,,,,,,,,,,,,,,,,,,,,,,,,,,,,,fallback,2063_0.76_1.8.png,True,0.4485766589641571,0.011525368317961693,2.239542245864868,1.709557294845581,1.0,0.5246848464012146,0.5570206046104431,0.5456677675247192,0.20652975142002106,0.003870131680741906,0.014102919958531857,0.00772206811234355,0.459730327129364,0.4837959408760071,0.48226991295814514,0.18952462077140808,0.0013164844131097198,0.0009202623623423278,0.0004494093591347337,0.4192489683628082,0.24417386949062347,0.24943757057189941,0.06629062443971634,0.9537919163703918,0.9621632695198059,0.011903312057256699,0.9545173645019531,0.9562326073646545,0.003287495346739888,0.9520695209503174,0.9522178769111633,0.0015410742489621043,0.0,0.0009286009590141475,0.01854543574154377,1.302083364862483e-05,0.01887764036655426,0.9502142071723938,0.06975636631250381,0.1789359301328659,1.2258936976650148e-06,1.2258936976650148e-06,0.2492145150899887,0.0009286009590141475,0.01854543574154377,8.698347597757561e-10,0.022331347689032555
2064_0.8_1.99.png,39.918609619140625,40.47922134399414,0.5606117248535156,0.9936899542808533,0.993658721446991,-3.123283386230469e-05,0.02829122543334961,0.035909175872802734,none,,False,0.47420734167099,0.011083902791142464,,,1.0,,,,,,,,,,,,,,,,,,,,,,,,,,,,,,,,,,,,,,,,,,,fallback,2064_0.8_1.99.png,True,0.47420734167099,0.011083902791142464,2.240103006362915,1.7145371437072754,1.0,0.5248009562492371,0.5570167303085327,0.5457873940467834,0.20692448318004608,0.003870950546115637,0.014104120433330536,0.007729436736553907,0.45976969599723816,0.4838327467441559,0.48231109976768494,0.18931709229946136,0.001316972658969462,0.0009213511366397142,0.00044974416960030794,0.39787837862968445,0.24642644822597504,0.25296416878700256,0.06630100309848785,0.9537187814712524,0.9621115326881409,0.011901209130883217,0.9544996619224548,0.9562218189239502,0.0032457634806632996,0.9520699381828308,0.9522202610969543,0.0015604841755703092,0.0,0.0008333231671713293,0.016998179256916046,6.510416824312415e-06,0.0179502684623003,0.9501790404319763,0.06495556235313416,0.17555202543735504,1.278607896892936e-06,1.278607896892936e-06,0.25274714827537537,0.0008333231671713293,0.016998179256916046,7.654489264652398e-10,0.022321833297610283
2065_0.51_1.6.png,41.85404968261719,40.5078125,-1.3462371826171875,0.996255099773407,0.9963161945343018,6.109476089477539e-05,0.029817581176757812,0.03609466552734375,none,,False,0.3691401481628418,0.007824532687664032,,,1.0,,,,,,,,,,,,,,,,,,,,,,,,,,,,,,,,,,,,,,,,,,,fallback,2065_0.51_1.6.png,True,0.3691401481628418,0.007824532687664032,2.35264253616333,1.337532639503479,1.0,0.5245785713195801,0.5562216639518738,0.5456064939498901,0.20211373269557953,0.003725241869688034,0.013404492288827896,0.007354510948061943,0.4617377817630768,0.4819878935813904,0.48437362909317017,0.1970580667257309,0.001307494705542922,0.0008879810920916498,0.0004356818099040538,0.4008552134037018,0.22984638810157776,0.25764861702919006,0.07396738976240158,0.9539859294891357,0.9605708718299866,0.011105678044259548,0.9544995427131653,0.95619797706604,0.003306412836536765,0.9520698189735413,0.9523013234138489,0.0014760788762941957,0.0,0.0014109867624938488,0.024135813117027283,0.0009440104477107525,0.023466378450393677,0.9503083825111389,0.08648765087127686,0.1953088790178299,1.2244545359862968e-06,1.2244545359862968e-06,0.2574405372142792,0.0014109867624938488,0.024135813117027283,1.5019216981215777e-09,0.02264290675520897
2069_0.7_1.18.png,45.01494598388672,45.18894958496094,0.17400360107421875,0.9987623691558838,0.9987221956253052,-4.017353057861328e-05,0.029677152633666992,0.03604459762573242,none,,False,0.6370624899864197,0.012672925367951393,,,1.0,,,,,,,,,,,,,,,,,,,,,,,,,,,,,,,,,,,,,,,,,,,fallback,2069_0.7_1.18.png,True,0.6370624899864197,0.012672925367951393,2.1000983715057373,1.594853162765503,1.0,0.5235978364944458,0.5564801692962646,0.5445490479469299,0.19844061136245728,0.0038467440754175186,0.013842636719346046,0.007698198314756155,0.4599708616733551,0.48228850960731506,0.48252198100090027,0.18247143924236298,0.0013207562733441591,0.0009346272563561797,0.00045119842980057,0.321795254945755,0.19746093451976776,0.2901504635810852,0.05723820626735687,0.9540547132492065,0.9599835276603699,0.014282659627497196,0.9546106457710266,0.9556297659873962,0.0033597832079976797,0.9520664811134338,0.9522393941879272,0.0014575367094948888,0.0,0.0005449237651191652,0.016264259815216064,1.302083364862483e-05,0.015887228772044182,0.950146496295929,0.0550757497549057,0.17354035377502441,9.661182502895826e-07,9.661182502895826e-07,0.2899310886859894,0.0005449237651191652,0.016264259815216064,6.757836512605309e-10,0.024732865393161774
2071_0.63_1.21.png,45.0831413269043,44.92131042480469,-0.16183090209960938,0.9987654685974121,0.998703122138977,-6.23464584350586e-05,0.029803991317749023,0.035948753356933594,none,,False,0.6130709648132324,0.012578688561916351,,,1.0,,,,,,,,,,,,,,,,,,,,,,,,,,,,,,,,,,,,,,,,,,,fallback,2071_0.63_1.21.png,True,0.6130709648132324,0.012578688561916351,2.091794967651367,1.6074484586715698,1.0,0.5235549807548523,0.5563688278198242,0.5444992780685425,0.19799268245697021,0.0038535110652446747,0.013895252719521523,0.0077238245867192745,0.4597431421279907,0.4823162853717804,0.4822835326194763,0.1820981502532959,0.0013198360102251172,0.0009324031416326761,0.0004494723689276725,0.31473857164382935,0.19874952733516693,0.2935613989830017,0.05819737911224365,0.9540665745735168,0.9600287079811096,0.014441277831792831,0.9546184539794922,0.9557457566261292,0.0034091449342668056,0.9520670771598816,0.9522497653961182,0.0014521979028359056,0.0,0.0006031861994415522,0.016346286982297897,1.9531249563442543e-05,0.01680798828601837,0.9501755833625793,0.058172762393951416,0.17252472043037415,9.989121281250846e-07,9.989121281250846e-07,0.2933428883552551,0.0006031861994415522,0.016346286982297897,7.931549306228192e-10,0.024730674922466278
2083_0.5_1.42.png,36.92631149291992,36.541446685791016,-0.38486480712890625,0.9975103735923767,0.9974426627159119,-6.771087646484375e-05,0.029814958572387695,0.049811601638793945,none,,False,0.49628716707229614,0.013235887512564659,,,1.0,,,,,,,,,,,,,,,,,,,,,,,,,,,,,,,,,,,,,,,,,,,fallback,2083_0.5_1.42.png,True,0.49628716707229614,0.013235887512564659,1.9989278316497803,1.703186273574829,1.0,0.5221540927886963,0.5556157827377319,0.542920708656311,0.20199403166770935,0.003990720957517624,0.014787335880100727,0.008136148564517498,0.4545208811759949,0.4831652045249939,0.4768121540546417,0.1723639816045761,0.0013127834536135197,0.0009228501003235579,0.0004431749985087663,0.305653840303421,0.19135360419750214,0.2985302209854126,0.05522581562399864,0.9539986252784729,0.9622765183448792,0.012281401082873344,0.9545133709907532,0.9567641615867615,0.0037223356775939465,0.9520729780197144,0.9523249864578247,0.001458594691939652,0.0,0.0009285406558774412,0.023672444745898247,0.0029622395522892475,0.0213734470307827,0.950273334980011,0.07170930504798889,0.17679665982723236,1.204556497214071e-06,1.204556497214071e-06,0.2983371913433075,0.0009285406558774412,0.023672444745898247,1.6940372438156714e-09,0.024668138474225998
2087_0.72_1.14.png,44.21025848388672,44.4633674621582,0.2531089782714844,0.9955137968063354,0.9955168962478638,3.0994415283203125e-06,0.028055429458618164,0.03593802452087402,none,,False,0.5247364044189453,0.013700487092137337,,,0.9986928701400757,,,,,,,,,,,,,,,,,,,,,,,,,,,,,,,,,,,,,,,,,,,fallback,2087_0.72_1.14.png,True,0.5247364044189453,0.013700487092137337,2.0928869247436523,1.5341891050338745,0.9986928701400757,0.5238959789276123,0.552300214767456,0.544722318649292,0.19366025924682617,0.0038615369703620672,0.014391961507499218,0.007914265617728233,0.4557836949825287,0.4825916886329651,0.4781373143196106,0.172089084982872,0.00129701045807451,0.0008822614327073097,0.00043062836630269885,0.4401509165763855,0.23947769403457642,0.25576454401016235,0.06610912084579468,0.954127311706543,0.9596156477928162,0.01302611269056797,0.9546383023262024,0.9558106064796448,0.003830556059256196,0.9520693421363831,0.9522495269775391,0.0014766097301617265,0.0,0.0009062128374353051,0.012149151414632797,0.00011067708692280576,0.018550341948866844,0.9502460956573486,0.0707726925611496,0.1995464265346527,9.998449286285904e-07,9.998449286285904e-07,0.2555204927921295,0.0009062128374353051,0.012149151414632797,8.763094139219163e-10,0.024018147960305214
2092_0.99_1.04.png,41.261871337890625,41.53660202026367,0.2747306823730469,0.9969102740287781,0.9969307780265808,2.0503997802734375e-05,0.024518489837646484,0.03540539741516113,none,,False,0.6619841456413269,0.008618929423391819,,,1.0,,,,,,,,,,,,,,,,,,,,,,,,,,,,,,,,,,,,,,,,,,,fallback,2092_0.99_1.04.png,True,0.6619841456413269,0.008618929423391819,2.294661283493042,1.3988507986068726,1.0,0.5224688053131104,0.556136429309845,0.54351407289505,0.19700385630130768,0.003572214161977172,0.012968494556844234,0.0072095030918717384,0.4595341086387634,0.4827311933040619,0.4820598363876343,0.18097710609436035,0.0012874581152573228,0.0008322161738760769,0.00040708514279685915,0.47598129510879517,0.15224230289459229,0.23524275422096252,0.03960597887635231,0.9546499848365784,0.9597579836845398,0.01333675067871809,0.9546069502830505,0.95565265417099,0.0034315905068069696,0.9520644545555115,0.9522334337234497,0.001460396102629602,0.0,0.00042358244536444545,0.011306612752377987,3.2552084121562075e-06,0.014162836596369743,0.9501622319221497,0.05324916914105415,0.13736745715141296,6.126487051005824e-07,6.126487051005824e-07,0.23504500091075897,0.00042358244536444545,0.011306612752377987,3.097306300325897e-10,0.023827744647860527
2096_0.77_1.76.png,40.865440368652344,41.13976287841797,0.274322509765625,0.9945917129516602,0.9947761297225952,0.0001844167709350586,0.025859355926513672,0.035356760025024414,none,,False,0.6000878810882568,0.011060555465519428,,,1.0,,,,,,,,,,,,,,,,,,,,,,,,,,,,,,,,,,,,,,,,,,,fallback,2096_0.77_1.76.png,True,0.6000878810882568,0.011060555465519428,2.7009081840515137,1.7703142166137695,1.0,0.5091007351875305,0.5566462278366089,0.5305701494216919,0.17308048903942108,0.003617025213316083,0.010696076788008213,0.005786646157503128,0.4585515558719635,0.4846462607383728,0.48098063468933105,0.16459813714027405,0.0014230248052626848,0.0011762450449168682,0.0005679431487806141,0.3206675946712494,0.22156710922718048,0.2871900498867035,0.06552152335643768,0.9537872672080994,0.9606928825378418,0.012539277784526348,0.954493522644043,0.9558568000793457,0.003243125742301345,0.9520542621612549,0.9522997736930847,0.0014757061144337058,0.0,0.00069322349736467,0.011706872843205929,3.2552084121562075e-06,0.017678678035736084,0.9501161575317383,0.059860944747924805,0.17843857407569885,8.051757731664111e-07,8.051757731664111e-07,0.2869986593723297,0.00069322349736467,0.011706872843205929,5.344644726790193e-10,0.024295201525092125
2097_0.93_0.96.png,42.16972351074219,42.33066177368164,0.16093826293945312,0.9972912669181824,0.9972231388092041,-6.812810897827148e-05,0.027582883834838867,0.035430908203125,none,,False,0.6504010558128357,0.017168736085295677,,,0.9973856806755066,,,,,,,,,,,,,,,,,,,,,,,,,,,,,,,,,,,,,,,,,,,fallback,2097_0.93_0.96.png,True,0.6504010558128357,0.017168736085295677,2.173919439315796,1.6979988813400269,0.9973856806755066,0.5215889811515808,0.5567305684089661,0.5425041913986206,0.192323237657547,0.0037517519667744637,0.01354113407433033,0.0075023239478468895,0.45647844672203064,0.4828510880470276,0.47885915637016296,0.18527506291866302,0.0013030405389145017,0.0008933576173149049,0.0004366456705611199,0.4445304572582245,0.2173430174589157,0.2356146275997162,0.05733341723680496,0.9541774988174438,0.960739016532898,0.013007698580622673,0.9545693397521973,0.9560840725898743,0.003346746088936925,0.9520654678344727,0.9522678852081299,0.0014697725418955088,0.0,0.0007073520682752132,0.01986992545425892,0.000231119804084301,0.015676023438572884,0.9501667618751526,0.05955795571208,0.2387169748544693,7.559967230008624e-07,7.559967230008624e-07,0.23536083102226257,0.0007073520682752132,0.01986992545425892,5.195057162232786e-10,0.02385597489774227
2099_1.0_1.51.png,37.50503921508789,37.77896499633789,0.27392578125,0.9946727752685547,0.9946593642234802,-1.341104507446289e-05,0.027564525604248047,0.03587937355041504,none,,False,0.7167086005210876,0.014526245184242725,,,1.0,,,,,,,,,,,,,,,,,,,,,,,,,,,,,,,,,,,,,,,,,,,fallback,2099_1.0_1.51.png,True,0.7167086005210876,0.014526245184242725,2.1343414783477783,1.7056705951690674,1.0,0.5219916105270386,0.5568332076072693,0.5428970456123352,0.19161909818649292,0.003775746561586857,0.013683885335922241,0.007597214542329311,0.4566029906272888,0.48290660977363586,0.47899073362350464,0.18360969424247742,0.0013035363517701626,0.0008948479080572724,0.0004377080185804516,0.36800646781921387,0.217791348695755,0.23910319805145264,0.05514661967754364,0.9540584683418274,0.9608843922615051,0.012311258353292942,0.9545044302940369,0.9557614326477051,0.0032796994782984257,0.952065646648407,0.9522879123687744,0.001517395838163793,0.0,0.0005313812871463597,0.019198277965188026,0.000231119804084301,0.013963372446596622,0.9500621557235718,0.04938453808426857,0.2385954111814499,8.515120271113119e-07,8.515120271113119e-07,0.23886927962303162,0.0005313812871463597,0.019198277965188026,4.101900763497923e-10,0.020964378491044044
2112_0.66_1.29.png,40.631874084472656,41.44614791870117,0.8142738342285156,0.9983793497085571,0.9984358549118042,5.650520324707031e-05,0.028267860412597656,0.036069631576538086,none,,False,0.6021832227706909,0.01494627445936203,,,1.0,,,,,,,,,,,,,,,,,,,,,,,,,,,,,,,,,,,,,,,,,,,fallback,2112_0.66_1.29.png,True,0.6021832227706909,0.01494627445936203,2.3493120670318604,1.8515859842300415,1.0,0.5160203576087952,0.551222026348114,0.5373901724815369,0.20379266142845154,0.0035833383444696665,0.011380145326256752,0.006295182276517153,0.4619387984275818,0.483627587556839,0.48455220460891724,0.18504871428012848,0.0013702624710276723,0.001047966885380447,0.0005118305562064052,0.4761943817138672,0.28048157691955566,0.25788161158561707,0.07317818701267242,0.9544819593429565,0.9613390564918518,0.016914309933781624,0.9546193480491638,0.9560732841491699,0.00337804201990366,0.9520595669746399,0.9522366523742676,0.001430192613042891,0.0,0.000790682272054255,0.014373778365552425,4.2317707993788645e-05,0.018213843926787376,0.950288712978363,0.06986052542924881,0.1426621526479721,8.550996426492929e-07,8.550996426492929e-07,0.25764474272727966,0.000790682272054255,0.014373778365552425,7.58218487995066e-10,0.024299710988998413
2123_0.66_0.89.png,45.59592819213867,46.97148895263672,1.3755607604980469,0.9991108775138855,0.99913489818573,2.4020671844482422e-05,0.02447795867919922,0.03607916831970215,none,,False,0.5523320436477661,0.015226726420223713,,,1.0,,,,,,,,,,,,,,,,,,,,,,,,,,,,,,,,,,,,,,,,,,,fallback,2123_0.66_0.89.png,True,0.5523320436477661,0.015226726420223713,2.410095691680908,1.6268258094787598,1.0,0.5135282278060913,0.5555005669593811,0.5349071621894836,0.20905648171901703,0.0036466936580836773,0.011080808937549591,0.006205223500728607,0.46053311228752136,0.48293760418891907,0.4830722212791443,0.18957780301570892,0.0013972612796351314,0.001130659249611199,0.0005526950117200613,0.5903326272964478,0.2134900838136673,0.2275698333978653,0.057515405118465424,0.9548329710960388,0.9621749520301819,0.01802574284374714,0.9545691013336182,0.9557181596755981,0.0037109320983290672,0.9520550966262817,0.9522063136100769,0.001414721249602735,0.0,0.0009954049019142985,0.01127382181584835,3.2552084121562075e-06,0.019065754488110542,0.9503552317619324,0.07963290065526962,0.14579123258590698,6.712336926284479e-07,6.712336926284479e-07,0.22730174660682678,0.0009954049019142985,0.01127382181584835,6.817528208635792e-10,0.024441303685307503
213_0.97_0.85.png,43.11793518066406,43.069847106933594,-0.04808807373046875,0.9974054098129272,0.9974252581596375,1.9848346710205078e-05,0.0180356502532959,0.025649309158325195,none,,False,0.598052442073822,0.017447814345359802,,,1.0,,,,,,,,,,,,,,,,,,,,,,,,,,,,,,,,,,,,,,,,,,,fallback,213_0.97_0.85.png,True,0.598052442073822,0.017447814345359802,1.4852800369262695,1.3419171571731567,1.0,0.5006195902824402,0.5509101152420044,0.5215163230895996,0.1680586189031601,0.003716181730851531,0.011899866163730621,0.006250969134271145,0.4408177435398102,0.4841004014015198,0.46239566802978516,0.16015253961086273,0.0013790037482976913,0.001106278388760984,0.0005196920828893781,0.32741492986679077,0.1979270875453949,0.24131643772125244,0.059493500739336014,0.9535077214241028,0.9584282636642456,0.009382050484418869,0.9545120000839233,0.9556322693824768,0.003421669825911522,0.9520609378814697,0.9522076845169067,0.0014834065223112702,0.0,0.0009992540581151843,0.06808756291866302,0.004755686037242413,0.018669424578547478,0.9501230716705322,0.0613892562687397,0.2262374311685562,6.433646717596275e-07,6.433646717596275e-07,0.24112972617149353,0.0009992540581151843,0.06808756291866302,1.3143519606018117e-09,0.024441896006464958
2143_0.57_0.65.png,45.3245735168457,46.56788635253906,1.2433128356933594,0.9988901019096375,0.9989480376243591,5.793571472167969e-05,0.024516820907592773,0.0360262393951416,none,,False,0.45626458525657654,0.019613824784755707,,,0.9973856806755066,,,,,,,,,,,,,,,,,,,,,,,,,,,,,,,,,,,,,,,,,,,fallback,2143_0.57_0.65.png,True,0.45626458525657654,0.019613824784755707,2.105743408203125,1.6383111476898193,0.9973856806755066,0.5179458260536194,0.5558252334594727,0.5388548970222473,0.2120693176984787,0.0037905892822891474,0.013109210878610611,0.007268408313393593,0.4539540708065033,0.4831148087978363,0.47620514035224915,0.18639865517616272,0.0013280039420351386,0.0009744741837494075,0.00047244620509445667,0.49969595670700073,0.21638043224811554,0.24750222265720367,0.06865666806697845,0.9542102217674255,0.9628430008888245,0.013884392566978931,0.9546704292297363,0.9562563896179199,0.00378183601424098,0.952063798904419,0.9522491097450256,0.0014280027244240046,0.0,0.0012898296117782593,0.02106432616710663,1.9531249563442543e-05,0.021146079525351524,0.9503219723701477,0.08488311618566513,0.185944065451622,9.155381803793716e-07,9.155381803793716e-07,0.24719014763832092,0.0012898296117782593,0.02106432616710663,1.1131573440792408e-09,0.024295659735798836
2145_0.59_1.25.png,44.07786560058594,44.60578536987305,0.5279197692871094,0.998592734336853,0.9986066222190857,1.3887882232666016e-05,0.02451944351196289,0.0407719612121582,none,,False,0.49665695428848267,0.016945406794548035,,,1.0,,,,,,,,,,,,,,,,,,,,,,,,,,,,,,,,,,,,,,,,,,,fallback,2145_0.59_1.25.png,True,0.49665695428848267,0.016945406794548035,2.076676845550537,1.5296201705932617,1.0,0.519969642162323,0.5556575059890747,0.5408702492713928,0.19438377022743225,0.003795505501329899,0.01338160689920187,0.007419465575367212,0.4544931650161743,0.48199138045310974,0.47677409648895264,0.17162227630615234,0.0013190845493227243,0.0009486982598900795,0.00045707891695201397,0.46282511949539185,0.23074555397033691,0.26914122700691223,0.061787594109773636,0.9541400671005249,0.9630939364433289,0.013821967877447605,0.9546141028404236,0.9559232592582703,0.003527788445353508,0.9520660638809204,0.9522373080253601,0.0014372305013239384,0.0,0.0008860356756485999,0.014625567011535168,0.00039388021104969084,0.019245119765400887,0.9502800107002258,0.07380174845457077,0.1364191174507141,9.691220839158632e-07,9.691220839158632e-07,0.26885631680488586,0.0008860356756485999,0.014625567011535168,1.0346077328193815e-09,0.024452080950140953
2148_0.69_1.7.png,41.46600341796875,41.93775939941406,0.4717559814453125,0.997255265712738,0.997285783290863,3.0517578125e-05,0.0249941349029541,0.03531026840209961,none,,False,0.5367651581764221,0.015178756788372993,,,1.0,,,,,,,,,,,,,,,,,,,,,,,,,,,,,,,,,,,,,,,,,,,fallback,2148_0.69_1.7.png,True,0.5367651581764221,0.015178756788372993,2.0895743370056152,1.5460689067840576,1.0,0.5197742581367493,0.5554859638214111,0.5406908392906189,0.1951911747455597,0.003785286797210574,0.013278692960739136,0.0073328870348632336,0.4546515941619873,0.48206669092178345,0.4769391417503357,0.17181821167469025,0.0013209633762016892,0.0009530872339382768,0.00045860017416998744,0.40307876467704773,0.2431100606918335,0.2858354151248932,0.06559170037508011,0.9539299011230469,0.9629508852958679,0.013133950531482697,0.9545555710792542,0.9558994174003601,0.003363020485267043,0.952065646648407,0.9522330164909363,0.0014548685867339373,0.0,0.0007221192354336381,0.012641248293220997,1.302083364862483e-05,0.017833255231380463,0.9501957893371582,0.0648898109793663,0.13541334867477417,9.860243608272867e-07,9.860243608272867e-07,0.28558349609375,0.0007221192354336381,0.012641248293220997,8.302051823783074e-10,0.02448013797402382
2156_0.71_1.75.png,40.96782684326172,41.84796905517578,0.8801422119140625,0.9973983764648438,0.9975271224975586,0.00012874603271484375,0.025107145309448242,0.03530144691467285,none,,False,0.5374776124954224,0.016773317009210587,,,1.0,,,,,,,,,,,,,,,,,,,,,,,,,,,,,,,,,,,,,,,,,,,fallback,2156_0.71_1.75.png,True,0.5374776124954224,0.016773317009210587,2.1837644577026367,1.5814753770828247,1.0,0.5242742300033569,0.5569964647293091,0.5452525019645691,0.18523383140563965,0.0037485354114323854,0.01360619068145752,0.007495823781937361,0.4597479999065399,0.4816673696041107,0.48228877782821655,0.18505574762821198,0.001306012156419456,0.0008930584881454706,0.00043684564298018813,0.39851638674736023,0.2537289261817932,0.27130594849586487,0.0699586272239685,0.9539250135421753,0.9612729549407959,0.013059963472187519,0.9546289443969727,0.9561454057693481,0.0034590738359838724,0.952067494392395,0.9522770047187805,0.0014527301536872983,0.0,0.0008441274403594434,0.012238597497344017,1.302083364862483e-05,0.018288075923919678,0.9502081871032715,0.06874251365661621,0.14313998818397522,9.432618526261649e-07,9.432618526261649e-07,0.271049827337265,0.0008441274403594434,0.012238597497344017,8.23489720858106e-10,0.02433878555893898
2164_0.95_0.58.png,41.361854553222656,41.893524169921875,0.5316696166992188,0.9963704347610474,0.9964625239372253,9.208917617797852e-05,0.02514052391052246,0.035292863845825195,none,,False,0.4883353114128113,0.013226265087723732,,,1.0,,,,,,,,,,,,,,,,,,,,,,,,,,,,,,,,,,,,,,,,,,,fallback,2164_0.95_0.58.png,True,0.4883353114128113,0.013226265087723732,1.6726683378219604,1.5919127464294434,1.0,0.5298911333084106,0.5559262633323669,0.5506733655929565,0.19229453802108765,0.0041268086060881615,0.015826694667339325,0.008902367204427719,0.4597717821598053,0.481759637594223,0.4823303818702698,0.17528867721557617,0.0013068040134385228,0.0009000789141282439,0.000439767463831231,0.5100565552711487,0.17427055537700653,0.2258879393339157,0.046959616243839264,0.9541904926300049,0.9605473875999451,0.012418494559824467,0.9546566009521484,0.9561130404472351,0.003957867156714201,0.9520692229270935,0.9522830247879028,0.0015062172897160053,0.0,0.0007945398101583123,0.01460887398570776,7.812499825377017e-05,0.017013167962431908,0.950232207775116,0.06830614805221558,0.17929600179195404,8.083679858827963e-07,8.083679858827963e-07,0.22563239932060242,0.0007945398101583123,0.01460887398570776,6.56154408584797e-10,0.024021055549383163
2168_0.63_1.99.png,37.37419891357422,38.4819450378418,1.1077461242675781,0.989782989025116,0.9900017976760864,0.00021880865097045898,0.025120019912719727,0.0359954833984375,none,,False,0.5132583975791931,0.010387644171714783,,,0.9895424842834473,,,,,,,,,,,,,,,,,,,,,,,,,,,,,,,,,,,,,,,,,,,fallback,2168_0.63_1.99.png,True,0.5132583975791931,0.010387644171714783,2.5020487308502197,1.8468214273452759,0.9895424842834473,0.5008276700973511,0.5526638627052307,0.5223150849342346,0.20638597011566162,0.004022302106022835,0.01176257524639368,0.006398692261427641,0.4521420896053314,0.48448652029037476,0.4742388129234314,0.18191280961036682,0.0015008453046903014,0.001379521912895143,0.0006586734671145678,0.46208736300468445,0.296515554189682,0.2689247131347656,0.09374012798070908,0.9543947577476501,0.9617143273353577,0.016067706048488617,0.954508364200592,0.9558373093605042,0.0037112808786332607,0.9520469307899475,0.9523391723632812,0.0014563895529136062,0.0,0.0015351740876212716,0.019319510087370872,3.5807293897960335e-05,0.023338187485933304,0.9503028988838196,0.08833159506320953,0.2420792281627655,8.868591976352036e-07,8.868591976352036e-07,0.2687026560306549,0.0015351740876212716,0.019319510087370872,1.1333917138145466e-09,0.023687109351158142
217_0.79_0.54.png,38.480133056640625,37.64473342895508,-0.8353996276855469,0.9977189302444458,0.9975476264953613,-0.00017130374908447266,0.01830911636352539,0.025158166885375977,none,,False,0.5850942134857178,0.010603985749185085,,,0.9372549057006836,,,,,,,,,,,,,,,,,,,,,,,,,,,,,,,,,,,,,,,,,,,fallback,217_0.79_0.54.png,True,0.5850942134857178,0.010603985749185085,1.4116984605789185,2.0791473388671875,0.9372549057006836,0.5157812237739563,0.5515967011451721,0.5368386507034302,0.16798189282417297,0.004437434487044811,0.015697939321398735,0.00863375049084425,0.4534643888473511,0.48457106947898865,0.47567009925842285,0.15969382226467133,0.0014352269936352968,0.0012024730676785111,0.0005675420397892594,0.3704378008842468,0.29190245270729065,0.26238730549812317,0.05446728318929672,0.9543339610099792,0.9608897566795349,0.011712095700204372,0.9547073245048523,0.9556941986083984,0.003870963351801038,0.9520614147186279,0.9522379636764526,0.0014826805563643575,0.0,0.0016207370208576322,0.08189405500888824,0.006818602327257395,0.02208571881055832,0.950313150882721,0.08122763782739639,0.23806214332580566,7.273396249729558e-07,7.273396249729558e-07,0.26223304867744446,0.0016207370208576322,0.08189405500888824,2.191465231504708e-09,0.024998286738991737
2187_0.73_1.15.png,43.14491271972656,43.47193908691406,0.3270263671875,0.9984228610992432,0.9984383583068848,1.5497207641601562e-05,0.024547576904296875,0.03601431846618652,none,,False,0.6044394373893738,0.007098279893398285,,,1.0,,,,,,,,,,,,,,,,,,,,,,,,,,,,,,,,,,,,,,,,,,,fallback,2187_0.73_1.15.png,True,0.6044394373893738,0.007098279893398285,1.7432340383529663,1.6596823930740356,1.0,0.5263850092887878,0.5561069846153259,0.5472128391265869,0.20531000196933746,0.004054500255733728,0.015049067325890064,0.008423903025686741,0.4580730199813843,0.48264241218566895,0.4805409908294678,0.17508015036582947,0.00131761294323951,0.0009387145400978625,0.00045334757305681705,0.36118507385253906,0.20605157315731049,0.2874606251716614,0.048758916556835175,0.954345703125,0.959990918636322,0.013573765754699707,0.9545957446098328,0.9556829929351807,0.0037147942930459976,0.9520696997642517,0.9522179961204529,0.0014707063091918826,0.0,0.00046931576798669994,0.009610460139811039,0.0,0.015816736966371536,0.950206995010376,0.054964154958724976,0.12430154532194138,1.0970669563903357e-06,1.0970669563903357e-06,0.2873148024082184,0.00046931576798669994,0.009610460139811039,6.371206895394721e-10,0.02478443644940853
2191_0.7_0.65.png,44.41510009765625,44.715518951416016,0.3004188537597656,0.9989485740661621,0.9989573955535889,8.821487426757812e-06,0.024539947509765625,0.03612017631530762,none,,False,0.5287450551986694,0.017478955909609795,,,0.9895424842834473,,,,,,,,,,,,,,,,,,,,,,,,,,,,,,,,,,,,,,,,,,,fallback,2191_0.7_0.65.png,True,0.5287450551986694,0.017478955909609795,2.1345391273498535,1.2776609659194946,0.9895424842834473,0.5004135966300964,0.5532936453819275,0.521408200263977,0.18494287133216858,0.0035558773670345545,0.010847791098058224,0.00592808797955513,0.4447184205055237,0.48375028371810913,0.4664832055568695,0.171131432056427,0.0013741768198087811,0.0010923967929556966,0.0005148569471202791,0.5926884412765503,0.1741655021905899,0.23477086424827576,0.052404552698135376,0.9545919299125671,0.9610341787338257,0.01597445085644722,0.9545459151268005,0.9555220007896423,0.003594886977225542,0.9520556926727295,0.9522241353988647,0.0013964059762656689,0.0,0.001337494351901114,0.01363332662731409,0.0010416667209938169,0.02124532125890255,0.9503600597381592,0.08674736320972443,0.23817047476768494,6.767163540644106e-07,6.767163540644106e-07,0.23449651896953583,0.001337494351901114,0.01363332662731409,9.827682001528615e-10,0.02457677386701107
219_0.84_1.07.png,37.21567916870117,36.772216796875,-0.4434623718261719,0.996843695640564,0.9968278408050537,-1.5854835510253906e-05,0.01813673973083496,0.025278568267822266,none,,False,0.6337047815322876,0.008700305595993996,,,0.9385620951652527,,,,,,,,,,,,,,,,,,,,,,,,,,,,,,,,,,,,,,,,,,,fallback,219_0.84_1.07.png,True,0.6337047815322876,0.008700305595993996,1.404358983039856,2.077329635620117,0.9385620951652527,0.5153793096542358,0.5512642860412598,0.536468505859375,0.168264240026474,0.00438906904309988,0.015460333786904812,0.00842890702188015,0.4538014531135559,0.48454225063323975,0.47602182626724243,0.16005751490592957,0.0014324784278869629,0.001191862509585917,0.0005631540552712977,0.3033408522605896,0.30939337611198425,0.2843450903892517,0.06537607312202454,0.9539461135864258,0.9605936408042908,0.010941795073449612,0.9546301960945129,0.9557439088821411,0.0037602002266794443,0.9520617723464966,0.9522473812103271,0.0014983895234763622,0.0,0.001394895021803677,0.10531215369701385,0.011244915425777435,0.019980940967798233,0.9502151608467102,0.07011088728904724,0.2748453617095947,8.102290962597181e-07,8.102290962597181e-07,0.2842114269733429,0.001394895021803677,0.10531215369701385,2.2667854260305376e-09,0.02495117299258709
2200_0.75_1.88.png,39.526187896728516,40.36668395996094,0.8404960632324219,0.9974114894866943,0.9975016117095947,9.012222290039062e-05,0.024475812911987305,0.05596351623535156,none,,False,0.6481608748435974,0.018064651638269424,,,1.0,,,,,,,,,,,,,,,,,,,,,,,,,,,,,,,,,,,,,,,,,,,fallback,2200_0.75_1.88.png,True,0.6481608748435974,0.018064651638269424,2.146319627761841,1.7195731401443481,1.0,0.5183226466178894,0.5570662021636963,0.5391730666160583,0.20662760734558105,0.0037511412519961596,0.013432729989290237,0.007384646218270063,0.4530395567417145,0.48345065116882324,0.47524964809417725,0.18621863424777985,0.0013094462919980288,0.0009197116014547646,0.0004444251535460353,0.45351025462150574,0.29257604479789734,0.25634142756462097,0.07958631962537766,0.9543479681015015,0.9600233435630798,0.015674149617552757,0.9546295404434204,0.9559090733528137,0.0037259969394654036,0.9520658850669861,0.952246367931366,0.001471149967983365,0.0,0.0005968796322122216,0.018458237871527672,3.9062499126885086e-05,0.015866288915276527,0.9502262473106384,0.05935505032539368,0.16334186494350433,9.721190963318804e-07,9.721190963318804e-07,0.2560808062553406,0.0005968796322122216,0.018458237871527672,6.998149837400547e-10,0.024059012532234192
2210_0.81_1.94.png,37.85942459106445,38.62764358520508,0.768218994140625,0.993651270866394,0.993922233581543,0.0002709627151489258,0.024488449096679688,0.0384984016418457,none,,False,0.6208269596099854,0.008473331108689308,,,1.0,,,,,,,,,,,,,,,,,,,,,,,,,,,,,,,,,,,,,,,,,,,fallback,2210_0.81_1.94.png,True,0.6208269596099854,0.008473331108689308,2.072356700897217,1.981576919555664,1.0,0.5235058665275574,0.556734561920166,0.5443727970123291,0.20942610502243042,0.004061932675540447,0.015170425176620483,0.008343094028532505,0.45734578371047974,0.48475977778434753,0.4797709286212921,0.18493659794330597,0.0013262230204418302,0.0009370128391310573,0.0004508742713369429,0.23198281228542328,0.1800653338432312,0.3000119924545288,0.0650797113776207,0.9535573720932007,0.9592512249946594,0.011680332943797112,0.9544252753257751,0.9557705521583557,0.003305696649476886,0.9520683288574219,0.9522328972816467,0.001592616899870336,0.0,0.0005249586538411677,0.012693465687334538,0.0009147135424427688,0.014643119648098946,0.9500152468681335,0.04567445069551468,0.2317071259021759,1.1410076012907666e-06,1.1410076012907666e-06,0.29984837770462036,0.0005249586538411677,0.012693465687334538,5.581897721818052e-10,0.02419205568730831
2212_0.92_0.99.png,41.48699188232422,42.368186950683594,0.881195068359375,0.9970102310180664,0.9971457719802856,0.00013554096221923828,0.024524688720703125,0.03539228439331055,none,,False,0.5689161419868469,0.011778192594647408,,,1.0,,,,,,,,,,,,,,,,,,,,,,,,,,,,,,,,,,,,,,,,,,,fallback,2212_0.92_0.99.png,True,0.5689161419868469,0.011778192594647408,2.05678391456604,1.8830753564834595,1.0,0.5232206583023071,0.5567190647125244,0.5441156029701233,0.20922182500362396,0.004019048996269703,0.014925648458302021,0.008260571397840977,0.4568495750427246,0.4845576882362366,0.47924891114234924,0.18748940527439117,0.0013251950731500983,0.0009357003727927804,0.00045278650941327214,0.39293184876441956,0.17648537456989288,0.24087995290756226,0.05452105775475502,0.9539557099342346,0.9595116376876831,0.012064250186085701,0.9545540809631348,0.9557598829269409,0.003548250999301672,0.9520663619041443,0.9522579908370972,0.0015414705267176032,0.0,0.0007116785855032504,0.01294473372399807,0.0011132812360301614,0.016025669872760773,0.9501360654830933,0.057767003774642944,0.24415463209152222,7.908106454124209e-07,7.908106454124209e-07,0.24065963923931122,0.0007116785855032504,0.01294473372399807,5.555348403518678e-10,0.024049188941717148
2218_0.96_1.73.png,41.47816467285156,41.666358947753906,0.18819427490234375,0.9890453815460205,0.9892425537109375,0.0001971721649169922,0.02498316764831543,0.0353856086730957,none,,False,0.4371621906757355,0.007333397399634123,,,1.0,,,,,,,,,,,,,,,,,,,,,,,,,,,,,,,,,,,,,,,,,,,fallback,2218_0.96_1.73.png,True,0.4371621906757355,0.007333397399634123,2.19320011138916,1.010334849357605,1.0,0.5178593397140503,0.5566195249557495,0.5393311381340027,0.20333075523376465,0.0033541361335664988,0.010485311038792133,0.005753906909376383,0.46598872542381287,0.4830283224582672,0.48880016803741455,0.19730409979820251,0.0013501731446012855,0.0009835694218054414,0.0004898412735201418,0.4163976013660431,0.18287454545497894,0.21169446408748627,0.0464402474462986,0.9537656903266907,0.9594222903251648,0.01028219610452652,0.9544975161552429,0.9556818008422852,0.0034197878558188677,0.952058732509613,0.9522015452384949,0.001523464685305953,0.0,0.00096770009258762,0.022716790437698364,0.00012044270988553762,0.019350478425621986,0.9501710534095764,0.07022232562303543,0.20093798637390137,6.931887241989898e-07,6.931887241989898e-07,0.2114773839712143,0.00096770009258762,0.022716790437698364,6.0329158335648e-10,0.02003178372979164
2220_0.92_1.02.png,43.848724365234375,44.42795181274414,0.5792274475097656,0.9940176010131836,0.9939653873443604,-5.221366882324219e-05,0.025072097778320312,0.03531980514526367,none,,False,0.3431476950645447,0.008297557011246681,,,1.0,,,,,,,,,,,,,,,,,,,,,,,,,,,,,,,,,,,,,,,,,,,fallback,2220_0.92_1.02.png,True,0.3431476950645447,0.008297557011246681,2.2267136573791504,1.032825231552124,1.0,0.5185321569442749,0.5563907027244568,0.5399596691131592,0.20613546669483185,0.0033570402301847935,0.010645432397723198,0.005821011029183865,0.46554815769195557,0.48295512795448303,0.48834168910980225,0.19634225964546204,0.001341300900094211,0.0009631839348003268,0.00047981602256186306,0.5374401211738586,0.16463659703731537,0.199672669172287,0.04906844720244408,0.9540478587150574,0.9594846963882446,0.010903365910053253,0.9545772671699524,0.9557276368141174,0.003571917302906513,0.9520576000213623,0.952189564704895,0.0014562944415956736,0.0,0.001485473825596273,0.023625405505299568,0.00023437500931322575,0.023094797506928444,0.9503008723258972,0.09315436333417892,0.20610851049423218,6.110507797529863e-07,6.110507797529863e-07,0.19944222271442413,0.001485473825596273,0.023625405505299568,8.555119390685206e-10,0.019842492416501045
2226_0.9_1.84.png,45.16455841064453,45.14775085449219,-0.01680755615234375,0.9837819337844849,0.9839639067649841,0.00018197298049926758,0.025074481964111328,0.035935401916503906,none,,False,0.41734275221824646,0.010313093662261963,,,1.0,,,,,,,,,,,,,,,,,,,,,,,,,,,,,,,,,,,,,,,,,,,fallback,2226_0.9_1.84.png,True,0.41734275221824646,0.010313093662261963,2.1800248622894287,1.4531861543655396,1.0,0.510262668132782,0.5536733269691467,0.5316544771194458,0.22248435020446777,0.003799649653956294,0.011942879296839237,0.0064356583170592785,0.45905640721321106,0.48408380150794983,0.4815148115158081,0.21584464609622955,0.0014204151229932904,0.001161461346782744,0.0005781033542007208,0.3709011673927307,0.22917762398719788,0.21634522080421448,0.06514555215835571,0.9531581997871399,0.9591618776321411,0.010544542223215103,0.9543351531028748,0.9558305740356445,0.003389716614037752,0.9520578980445862,0.9522430300712585,0.0016094384482130408,0.0,0.0013356587151065469,0.024925602599978447,0.0008300781482830644,0.02100406400859356,0.9501534104347229,0.07358618825674057,0.2230810970067978,8.728837883609231e-07,8.728837883609231e-07,0.2160910665988922,0.0013356587151065469,0.024925602599978447,8.459258293846972e-10,0.013443243689835072
222_0.57_0.94.png,39.52338790893555,39.96730422973633,0.44391632080078125,0.9986626505851746,0.9986810684204102,1.8417835235595703e-05,0.018236637115478516,0.025405406951904297,none,,False,0.4837510585784912,0.01962634176015854,,,0.9908496737480164,,,,,,,,,,,,,,,,,,,,,,,,,,,,,,,,,,,,,,,,,,,fallback,222_0.57_0.94.png,True,0.4837510585784912,0.01962634176015854,1.5956460237503052,1.6868963241577148,0.9908496737480164,0.5102402567863464,0.5525928139686584,0.5315388441085815,0.16777871549129486,0.0040721409022808075,0.013099629431962967,0.007139301858842373,0.4541515111923218,0.48492252826690674,0.47637200355529785,0.1594349890947342,0.0014461406972259283,0.0012477657292038202,0.0005937350797466934,0.36740168929100037,0.2863506078720093,0.291756808757782,0.0906384214758873,0.9541918635368347,0.9610438942909241,0.013303511776030064,0.9546055793762207,0.9564489126205444,0.00409184442833066,0.952059805393219,0.9523581862449646,0.0014326742384582758,0.0,0.0016976912738755345,0.042920567095279694,0.005616678856313229,0.025866514071822166,0.9503923058509827,0.09354762732982635,0.19423635303974152,9.334788160231255e-07,9.334788160231255e-07,0.291541188955307,0.0016976912738755345,0.042920567095279694,2.1398567362496124e-09,0.02497193217277527
2233_0.89_1.49.png,43.323421478271484,43.35857009887695,0.03514862060546875,0.9912347793579102,0.9912911653518677,5.638599395751953e-05,0.02512049674987793,0.0360569953918457,none,,False,0.4730621576309204,0.013299232348799706,,,1.0,,,,,,,,,,,,,,,,,,,,,,,,,,,,,,,,,,,,,,,,,,,fallback,2233_0.89_1.49.png,True,0.4730621576309204,0.013299232348799706,2.385791301727295,1.4288314580917358,1.0,0.5172142386436462,0.5565124750137329,0.538520336151123,0.21547701954841614,0.0038249262142926455,0.01247575506567955,0.00685456395149231,0.46092677116394043,0.4845540523529053,0.48349428176879883,0.19861547648906708,0.0013889498077332973,0.0010932914447039366,0.0005304625956341624,0.4003247022628784,0.2229020595550537,0.23460952937602997,0.05582902580499649,0.953670859336853,0.9604801535606384,0.012241980992257595,0.9544289112091064,0.955621063709259,0.0035144169814884663,0.9520600438117981,0.952191174030304,0.0015784053830429912,0.0,0.0009279221412725747,0.01662994548678398,1.627604251552839e-05,0.018177753314375877,0.9501531720161438,0.06566884368658066,0.17835968732833862,8.506330573254672e-07,8.506330573254672e-07,0.23438721895217896,0.0009279221412725747,0.01662994548678398,7.018857717255855e-10,0.02184128761291504
2236_0.6_1.78.png,44.261390686035156,44.436153411865234,0.17476272583007812,0.993102490901947,0.9932218790054321,0.00011938810348510742,0.025091886520385742,0.03607749938964844,none,,False,0.3937041759490967,0.012478513643145561,,,0.9947712421417236,,,,,,,,,,,,,,,,,,,,,,,,,,,,,,,,,,,,,,,,,,,fallback,2236_0.6_1.78.png,True,0.3937041759490967,0.012478513643145561,2.384323835372925,1.4560422897338867,0.9947712421417236,0.5181000232696533,0.5567312240600586,0.5393425822257996,0.20514452457427979,0.003796385135501623,0.012528887018561363,0.00684460811316967,0.4609315097332001,0.4841877222061157,0.48350489139556885,0.18646115064620972,0.0013727707555517554,0.0010584951378405094,0.0005126369651407003,0.3717364966869354,0.22003625333309174,0.2699294686317444,0.06944146007299423,0.9537408947944641,0.9597156047821045,0.01260390505194664,0.9544076919555664,0.9556358456611633,0.003541021840646863,0.9520601630210876,0.9522503018379211,0.0015317441429942846,0.0,0.0011183287715539336,0.02258865162730217,0.0009277344215661287,0.02102663367986679,0.9502151608467102,0.07461845874786377,0.17657668888568878,1.0150117759621935e-06,1.0150117759621935e-06,0.2697300910949707,0.0011183287715539336,0.02258865162730217,1.0935330418959666e-09,0.02203601412475109
2238_0.81_1.38.png,44.35833740234375,43.9766731262207,-0.3816642761230469,0.9946656227111816,0.9946398138999939,-2.580881118774414e-05,0.024540424346923828,0.03563404083251953,none,,False,0.4036429822444916,0.01262563094496727,,,0.9895424842834473,,,,,,,,,,,,,,,,,,,,,,,,,,,,,,,,,,,,,,,,,,,fallback,2238_0.81_1.38.png,True,0.4036429822444916,0.01262563094496727,2.3275468349456787,1.1708271503448486,0.9895424842834473,0.49951010942459106,0.5544699430465698,0.5210771560668945,0.19435441493988037,0.003443986177444458,0.009067149832844734,0.004819822497665882,0.4533112645149231,0.48357588052749634,0.4754636287689209,0.17314650118350983,0.0014498770469799638,0.0012542239855974913,0.0006048028590157628,0.5105274319648743,0.22151604294776917,0.22600841522216797,0.06777919083833694,0.9538800120353699,0.9599716663360596,0.012032713741064072,0.954454243183136,0.9556699395179749,0.003167075105011463,0.9520481824874878,0.9523792862892151,0.001431825803592801,0.0,0.0018689092248678207,0.014349965378642082,0.007936198264360428,0.025451529771089554,0.9502991437911987,0.09798326343297958,0.2664218246936798,6.208543936736532e-07,6.208543936736532e-07,0.2257622629404068,0.0018689092248678207,0.014349965378642082,9.004126333422846e-10,0.021555863320827484
2246_0.8_0.54.png,43.12778091430664,42.842979431152344,-0.2848014831542969,0.9981666803359985,0.9981376528739929,-2.9027462005615234e-05,0.025211095809936523,0.041078805923461914,none,,False,0.4764613211154938,0.023516863584518433,,,1.0,,,,,,,,,,,,,,,,,,,,,,,,,,,,,,,,,,,,,,,,,,,fallback,2246_0.8_0.54.png,True,0.4764613211154938,0.023516863584518433,2.295849323272705,1.806557059288025,1.0,0.5171666145324707,0.5556150078773499,0.5381555557250977,0.21651795506477356,0.003752252319827676,0.01307836826890707,0.0072150989435613155,0.45421102643013,0.4847530126571655,0.4764687120914459,0.18780583143234253,0.001328693120740354,0.0009587737149558961,0.0004677886900026351,0.6328582763671875,0.15962177515029907,0.20555278658866882,0.05084369704127312,0.9544776678085327,0.9614033102989197,0.015575800091028214,0.9546458125114441,0.9564343094825745,0.0041651357896625996,0.9520611763000488,0.9521947503089905,0.001445634989067912,0.0,0.0010167378932237625,0.010051421821117401,3.2552084121562075e-06,0.0191484522074461,0.9503588080406189,0.08207504451274872,0.1477852314710617,7.381291879937635e-07,7.381291879937635e-07,0.20523621141910553,0.0010167378932237625,0.010051421821117401,8.426866426880508e-10,0.02381211519241333
2251_0.7_1.53.png,41.687164306640625,41.748714447021484,0.061550140380859375,0.9952947497367859,0.9950828552246094,-0.00021189451217651367,0.02705979347229004,0.035619497299194336,none,,False,0.5203195810317993,0.015727542340755463,,,0.9921568632125854,,,,,,,,,,,,,,,,,,,,,,,,,,,,,,,,,,,,,,,,,,,fallback,2251_0.7_1.53.png,True,0.5203195810317993,0.015727542340755463,2.2595977783203125,1.9122484922409058,0.9921568632125854,0.5225066542625427,0.5571122169494629,0.543379545211792,0.1979595124721527,0.004027203191071749,0.014492794871330261,0.007933123968541622,0.4559735357761383,0.4828681945800781,0.47832968831062317,0.19137708842754364,0.0013385822530835867,0.000989227439276874,0.00047758998698554933,0.3091386556625366,0.23995372653007507,0.2869575619697571,0.07728306204080582,0.9537153244018555,0.9594340324401855,0.012946517206728458,0.9545674920082092,0.9560981392860413,0.0038765589706599712,0.9520685076713562,0.9522837996482849,0.00155461928807199,0.0,0.0008436348289251328,0.019784659147262573,0.00033854166395030916,0.01802372746169567,0.9501628875732422,0.06283415853977203,0.20101647078990936,1.2490376093410305e-06,1.2490376093410305e-06,0.2867530286312103,0.0008436348289251328,0.019784659147262573,9.055832750348713e-10,0.02467084676027298
2255_0.54_0.94.png,46.117401123046875,44.915103912353516,-1.2022972106933594,0.9991502165794373,0.999118983745575,-3.123283386230469e-05,0.02451491355895996,0.03533434867858887,none,,False,0.558387279510498,0.02502612955868244,,,1.0,,,,,,,,,,,,,,,,,,,,,,,,,,,,,,,,,,,,,,,,,,,fallback,2255_0.54_0.94.png,True,0.558387279510498,0.02502612955868244,2.9449641704559326,1.9236085414886475,1.0,0.5114270448684692,0.5525209903717041,0.5328967571258545,0.17703673243522644,0.003605251433327794,0.011022639460861683,0.006071238778531551,0.46033310890197754,0.4849461615085602,0.482855886220932,0.16875813901424408,0.0013954349560663104,0.0011045847786590457,0.0005471959593705833,0.5625301003456116,0.21683621406555176,0.2220430076122284,0.060633137822151184,0.9544775485992432,0.9614516496658325,0.016648799180984497,0.9546338319778442,0.9560256600379944,0.004042246378958225,0.9520556926727295,0.9523133039474487,0.0014298008754849434,0.0,0.0010336412815377116,0.01825101114809513,0.0002539062697906047,0.02003408409655094,0.9503733515739441,0.0802018865942955,0.17610447108745575,7.750343797852111e-07,7.750343797852111e-07,0.22172963619232178,0.0010336412815377116,0.01825101114809513,9.020215685495714e-10,0.023621203377842903
2257_0.75_1.03.png,44.91698455810547,45.02228546142578,0.1053009033203125,0.9982161521911621,0.9981984496116638,-1.7702579498291016e-05,0.02449965476989746,0.035315752029418945,none,,False,0.5407683849334717,0.015250256285071373,,,0.9960784316062927,,,,,,,,,,,,,,,,,,,,,,,,,,,,,,,,,,,,,,,,,,,fallback,2257_0.75_1.03.png,True,0.5407683849334717,0.015250256285071373,2.541466474533081,1.7126833200454712,0.9960784316062927,0.519853949546814,0.5566844940185547,0.540932834148407,0.17761117219924927,0.0037357998080551624,0.012727278284728527,0.007022690959274769,0.457583487033844,0.48256418108940125,0.4800055921077728,0.17214404046535492,0.0013386774808168411,0.0009852140210568905,0.00047764828195795417,0.48532208800315857,0.23026728630065918,0.24334140121936798,0.0719950869679451,0.9543124437332153,0.9633145928382874,0.014308137819170952,0.9546300768852234,0.9558078050613403,0.0035168409813195467,0.9520634412765503,0.95224529504776,0.0014438702492043376,0.0,0.001253676600754261,0.018916087225079536,0.00040039062150754035,0.019984202459454536,0.9502789974212646,0.08000409603118896,0.21547387540340424,8.108439715215354e-07,8.108439715215354e-07,0.24309298396110535,0.001253676600754261,0.018916087225079536,8.335916956703215e-10,0.024842284619808197
2259_0.79_0.9.png,45.5733642578125,45.512611389160156,-0.06075286865234375,0.9983680248260498,0.9983466863632202,-2.1338462829589844e-05,0.024496793746948242,0.03534412384033203,none,,False,0.5455125570297241,0.015751689672470093,,,0.9973856806755066,,,,,,,,,,,,,,,,,,,,,,,,,,,,,,,,,,,,,,,,,,,fallback,2259_0.79_0.9.png,True,0.5455125570297241,0.015751689672470093,2.529296875,1.704818606376648,0.9973856806755066,0.5200645327568054,0.5568908452987671,0.5411416292190552,0.17680905759334564,0.0037461298052221537,0.01278386265039444,0.00706438859924674,0.4575843811035156,0.4825747013092041,0.48000702261924744,0.17117948830127716,0.0013391011161729693,0.000986317521892488,0.00047875638119876385,0.5192773342132568,0.21660085022449493,0.23443621397018433,0.06898710876703262,0.9543972015380859,0.9633258581161499,0.014637356624007225,0.9546272158622742,0.9558194279670715,0.0035248342901468277,0.9520630240440369,0.9522327780723572,0.001441862783394754,0.0,0.0012703152606263757,0.019258948042988777,0.0003613281296566129,0.019762882962822914,0.9502896666526794,0.08066163212060928,0.2160824090242386,7.451491228493978e-07,7.451491228493978e-07,0.2341800481081009,0.0012703152606263757,0.019258948042988777,7.928565581849512e-10,0.024755410850048065
2265_0.72_1.34.png,45.268272399902344,45.30243682861328,0.0341644287109375,0.9864689111709595,0.9870786070823669,0.0006096959114074707,0.024986982345581055,0.03594636917114258,none,,False,0.36265885829925537,0.00989607721567154,,,1.0,,,,,,,,,,,,,,,,,,,,,,,,,,,,,,,,,,,,,,,,,,,fallback,2265_0.72_1.34.png,True,0.36265885829925537,0.00989607721567154,2.3039939403533936,1.843796730041504,1.0,0.5139460563659668,0.5570034980773926,0.5349793434143066,0.18486090004444122,0.004222137853503227,0.014742180705070496,0.007929746992886066,0.4527641832828522,0.4847154915332794,0.47493648529052734,0.18497303128242493,0.0014095379738137126,0.0011453250190243125,0.0005535273812711239,0.38288238644599915,0.24924953281879425,0.25042182207107544,0.07926449924707413,0.9535598158836365,0.959662675857544,0.01211639866232872,0.9544181823730469,0.9556737542152405,0.004065215587615967,0.9520604610443115,0.9522294402122498,0.001617014640942216,0.0,0.0015171824488788843,0.01871788129210472,0.0036425781436264515,0.0220363549888134,0.9502330422401428,0.07966259121894836,0.2489335983991623,1.1012767799911671e-06,1.1012767799911671e-06,0.2502243220806122,0.0015171824488788843,0.01871788129210472,9.364981012893736e-10,0.017015960067510605
2275_0.88_1.27.png,42.70209503173828,42.41212463378906,-0.28997039794921875,0.9967314600944519,0.9966459274291992,-8.553266525268555e-05,0.02509164810180664,0.03606534004211426,none,,False,0.5167734622955322,0.013207441195845604,,,1.0,,,,,,,,,,,,,,,,,,,,,,,,,,,,,,,,,,,,,,,,,,,fallback,2275_0.88_1.27.png,True,0.5167734622955322,0.013207441195845604,2.660665988922119,1.7765867710113525,1.0,0.5086994767189026,0.5538147687911987,0.5303069353103638,0.20892468094825745,0.003786862827837467,0.011363458819687366,0.006141361314803362,0.46152833104133606,0.48454511165618896,0.48409348726272583,0.19665992259979248,0.0014529461041092873,0.00123150076251477,0.0006004088209010661,0.529347836971283,0.2250758856534958,0.21388199925422668,0.05848866328597069,0.9541490077972412,0.9599109292030334,0.014460408128798008,0.9544959664344788,0.9559447169303894,0.003517072182148695,0.9520511031150818,0.9522080421447754,0.0014814222231507301,0.0,0.0013133272295817733,0.02078041061758995,8.138021075865254e-05,0.020981309935450554,0.9502963423728943,0.08345793932676315,0.20857761800289154,6.368930485223245e-07,6.368930485223245e-07,0.2136373370885849,0.0013133272295817733,0.02078041061758995,6.746361802534295e-10,0.023314207792282104
2276_0.77_1.55.png,42.11952590942383,42.496551513671875,0.3770256042480469,0.9966281652450562,0.9966928362846375,6.467103958129883e-05,0.025087594985961914,0.0363771915435791,none,,False,0.5071893930435181,0.012266024947166443,,,1.0,,,,,,,,,,,,,,,,,,,,,,,,,,,,,,,,,,,,,,,,,,,fallback,2276_0.77_1.55.png,True,0.5071893930435181,0.012266024947166443,2.6631035804748535,1.789089322090149,1.0,0.509024977684021,0.5539019703865051,0.5306137204170227,0.20994192361831665,0.003781100269407034,0.011388489045202732,0.006148096639662981,0.4614242613315582,0.4845258593559265,0.4839860796928406,0.1987994760274887,0.0014482655096799135,0.001221274957060814,0.0005946671008132398,0.4932454526424408,0.24717482924461365,0.23070593178272247,0.06471189856529236,0.9541200995445251,0.9598037600517273,0.014746065251529217,0.9544963836669922,0.9559134244918823,0.003519179066643119,0.9520522356033325,0.9522148370742798,0.0014826026745140553,0.0,0.001279062475077808,0.020939229056239128,0.00010091146396007389,0.021258993074297905,0.950293779373169,0.08240712434053421,0.2050005942583084,7.433666837641795e-07,7.433666837641795e-07,0.23047403991222382,0.001279062475077808,0.020939229056239128,7.65663810131656e-10,0.023354094475507736
2293_0.61_1.53.png,42.77555847167969,42.834320068359375,0.0587615966796875,0.997245192527771,0.9972886443138123,4.3451786041259766e-05,0.02500772476196289,0.045145511627197266,none,,False,0.53180992603302,0.01227734237909317,,,0.9973856806755066,,,,,,,,,,,,,,,,,,,,,,,,,,,,,,,,,,,,,,,,,,,fallback,2293_0.61_1.53.png,True,0.53180992603302,0.01227734237909317,2.0026116371154785,1.5702072381973267,0.9973856806755066,0.5261942744255066,0.5528144836425781,0.547166645526886,0.20276381075382233,0.0038296962156891823,0.014082937501370907,0.00776346679776907,0.461086630821228,0.48211655020713806,0.48369649052619934,0.1873587965965271,0.0012999230530112982,0.0008754790178500116,0.0004275737446732819,0.29916912317276,0.2200918197631836,0.29991617798805237,0.0662144124507904,0.9537508487701416,0.9593237638473511,0.012231222353875637,0.9545336961746216,0.9558521509170532,0.0032504606060683727,0.9520686268806458,0.9522640109062195,0.0014877954963594675,0.0,0.0006480669253505766,0.015911836177110672,1.302083364862483e-05,0.017664309591054916,0.9501599669456482,0.059857796877622604,0.16873227059841156,1.057050781128055e-06,1.057050781128055e-06,0.2997247874736786,0.0006480669253505766,0.015911836177110672,7.429489246035814e-10,0.024483418092131615
2295_0.81_1.9.png,37.43148422241211,37.5622673034668,0.1307830810546875,0.994964063167572,0.9950385093688965,7.444620132446289e-05,0.025013446807861328,0.036682844161987305,none,,False,0.6401321291923523,0.010840022936463356,,,0.9986928701400757,,,,,,,,,,,,,,,,,,,,,,,,,,,,,,,,,,,,,,,,,,,fallback,2295_0.81_1.9.png,True,0.6401321291923523,0.010840022936463356,1.9525341987609863,1.5717029571533203,0.9986928701400757,0.5269752144813538,0.55316561460495,0.5479572415351868,0.19861529767513275,0.0038525001145899296,0.014205831103026867,0.0078420490026474,0.4611658453941345,0.48217082023620605,0.4837801158428192,0.18877655267715454,0.0013015810400247574,0.000879608211107552,0.0004289346397854388,0.25608062744140625,0.21201491355895996,0.3030945956707001,0.06501603126525879,0.9535337686538696,0.959095299243927,0.011749215424060822,0.954440712928772,0.9557584524154663,0.003246234729886055,0.9520680904388428,0.9522315859794617,0.0015553204575553536,0.0,0.00039250971167348325,0.013039310462772846,3.2552084121562075e-06,0.013983059674501419,0.9500077962875366,0.04467393457889557,0.1642976701259613,1.102855662793445e-06,1.102855662793445e-06,0.30292078852653503,0.00039250971167348325,0.013039310462772846,3.9026526454932764e-10,0.02446851134300232
2298_0.55_1.86.png,41.861366271972656,41.67438888549805,-0.18697738647460938,0.9976911544799805,0.9977089762687683,1.7821788787841797e-05,0.024427175521850586,0.040995121002197266,none,,False,0.4884217381477356,0.016917668282985687,,,0.9895424842834473,,,,,,,,,,,,,,,,,,,,,,,,,,,,,,,,,,,,,,,,,,,fallback,2298_0.55_1.86.png,True,0.4884217381477356,0.016917668282985687,2.265399932861328,1.4954203367233276,0.9895424842834473,0.518226146697998,0.5568991303443909,0.5391470193862915,0.20839476585388184,0.0036681401543319225,0.012879038229584694,0.007012992165982723,0.45459437370300293,0.4824593663215637,0.4768773019313812,0.1876021921634674,0.00130832614377141,0.0009160743211396039,0.00044217618415132165,0.45949113368988037,0.24636761844158173,0.2558291256427765,0.06972488015890121,0.95414799451828,0.9602411389350891,0.013942637480795383,0.9545326232910156,0.9560114145278931,0.003503573127090931,0.9520679116249084,0.9522591233253479,0.0014646995114162564,0.0,0.0009317378280684352,0.01439453661441803,0.0011035156203433871,0.019821081310510635,0.9502981901168823,0.0740736797451973,0.14366193115711212,1.1041846619264106e-06,1.1041846619264106e-06,0.25560063123703003,0.0009317378280684352,0.01439453661441803,1.1781160491608489e-09,0.0246274396777153
2301_0.82_0.88.png,44.11231231689453,44.74259948730469,0.6302871704101562,0.9983658790588379,0.9983725547790527,6.67572021484375e-06,0.03534436225891113,0.03789782524108887,none,,False,0.5323563814163208,0.019644182175397873,,,1.0,,,,,,,,,,,,,,,,,,,,,,,,,,,,,,,,,,,,,,,,,,,fallback,2301_0.82_0.88.png,True,0.5323563814163208,0.019644182175397873,2.0754196643829346,1.5149116516113281,1.0,0.5191942453384399,0.5571166276931763,0.5400311946868896,0.21524909138679504,0.0037959935143589973,0.013641107827425003,0.007507698144763708,0.45355337858200073,0.4829472303390503,0.4757901132106781,0.1829783171415329,0.0013108272105455399,0.0009223029483109713,0.00044785402133129537,0.5092215538024902,0.2137526571750641,0.2296702116727829,0.060264911502599716,0.9541184902191162,0.9613848924636841,0.013293755240738392,0.9546110033988953,0.9558578133583069,0.003628058824688196,0.9520668983459473,0.9521886706352234,0.0014876502100378275,0.0,0.0008060698164626956,0.018931811675429344,9.765625145519152e-05,0.017217967659235,0.9502469301223755,0.06760358065366745,0.1811988651752472,9.087465855373011e-07,9.087465855373011e-07,0.22941574454307556,0.0008060698164626956,0.018931811675429344,7.431391058076997e-10,0.024395721033215523
2302_0.67_1.5.png,42.14934539794922,43.24605941772461,1.0967140197753906,0.9976569414138794,0.9977256655693054,6.872415542602539e-05,0.02802562713623047,0.04057645797729492,none,,False,0.529748797416687,0.01706118881702423,,,1.0,,,,,,,,,,,,,,,,,,,,,,,,,,,,,,,,,,,,,,,,,,,fallback,2302_0.67_1.5.png,True,0.529748797416687,0.01706118881702423,2.066415786743164,1.5202032327651978,1.0,0.5188674330711365,0.5571123957633972,0.53968346118927,0.2211352437734604,0.003807634115219116,0.013705686666071415,0.007499578408896923,0.45341014862060547,0.48286664485931396,0.4756404161453247,0.20563282072544098,0.0013102376833558083,0.0009215507889166474,0.0004452109569683671,0.3879704773426056,0.237382173538208,0.26731693744659424,0.07047367841005325,0.9538801312446594,0.9612249135971069,0.012854255735874176,0.9545602798461914,0.9559191465377808,0.0034138585906475782,0.9520688056945801,0.9522531032562256,0.0015078232390806079,0.0,0.0007377665606327355,0.01886890083551407,0.00037434897967614233,0.017671125009655952,0.9502052664756775,0.06293485313653946,0.1803695410490036,1.2169302863185294e-06,1.2169302863185294e-06,0.26710018515586853,0.0007377665606327355,0.01886890083551407,9.167383518970951e-10,0.024623483419418335
2306_0.93_1.08.png,35.40764236450195,36.183837890625,0.7761955261230469,0.9959525465965271,0.9960760474205017,0.00012350082397460938,0.0244143009185791,0.037294626235961914,none,,False,0.5205130577087402,0.013525061309337616,,,1.0,,,,,,,,,,,,,,,,,,,,,,,,,,,,,,,,,,,,,,,,,,,fallback,2306_0.93_1.08.png,True,0.5205130577087402,0.013525061309337616,2.020613670349121,1.6436553001403809,1.0,0.5087193846702576,0.5546892285346985,0.5295469760894775,0.2056354284286499,0.0037326866295188665,0.012449280358850956,0.006728223524987698,0.4475453197956085,0.48311305046081543,0.4694706201553345,0.1848926544189453,0.0013438304886221886,0.0010255113011226058,0.00048724329099059105,0.5032912492752075,0.2743856608867645,0.21901367604732513,0.08206482976675034,0.9542278051376343,0.9610654711723328,0.014039640314877033,0.954595148563385,0.9561631679534912,0.0035347549710422754,0.9520601630210876,0.9522300958633423,0.001438879524357617,0.0,0.0015317214420065284,0.01137592550367117,6.510416824312415e-06,0.021347621455788612,0.9502726793289185,0.08829043060541153,0.21755047142505646,7.676430300307402e-07,7.676430300307402e-07,0.21877284348011017,0.0015317214420065284,0.01137592550367117,7.621050457373713e-10,0.02407604269683361
2307_0.75_1.96.png,33.269287109375,34.37413024902344,1.1048431396484375,0.9950186610221863,0.995148777961731,0.00013011693954467773,0.02440786361694336,0.04070878028869629,none,,False,0.5040202736854553,0.011028166860342026,,,1.0,,,,,,,,,,,,,,,,,,,,,,,,,,,,,,,,,,,,,,,,,,,fallback,2307_0.75_1.96.png,True,0.5040202736854553,0.011028166860342026,2.0142722129821777,1.6268724203109741,1.0,0.5117133855819702,0.5548517107963562,0.5325551629066467,0.2188117355108261,0.0037211815360933542,0.012594499625265598,0.006797224283218384,0.45047569274902344,0.4833352267742157,0.4725491404533386,0.196713387966156,0.001332659157924354,0.0009901897283270955,0.0004701389989349991,0.39010265469551086,0.30462756752967834,0.2680799961090088,0.10008347034454346,0.9539560079574585,0.9618117809295654,0.012974316254258156,0.9545470476150513,0.9561342000961304,0.003366323886439204,0.9520611763000488,0.9523056149482727,0.00144362507853657,0.0,0.0012753847986459732,0.017503229901194572,0.0004264322924427688,0.021175509318709373,0.9502168893814087,0.08118364214897156,0.20701387524604797,1.0059235364678898e-06,1.0059235364678898e-06,0.26787129044532776,0.0012753847986459732,0.017503229901194572,9.365398456750995e-10,0.02454538643360138
2313_0.57_0.7.png,45.113826751708984,46.1241455078125,1.0103187561035156,0.9980230331420898,0.9981536269187927,0.00013059377670288086,0.02441859245300293,0.03592038154602051,none,,False,0.4433826804161072,0.013823635876178741,,,1.0,,,,,,,,,,,,,,,,,,,,,,,,,,,,,,,,,,,,,,,,,,,fallback,2313_0.57_0.7.png,True,0.4433826804161072,0.013823635876178741,2.402874708175659,1.701823353767395,1.0,0.5173534154891968,0.5570927262306213,0.5385876297950745,0.2035846710205078,0.0038899024948477745,0.013039368204772472,0.007241896819323301,0.45943471789360046,0.48348677158355713,0.48193344473838806,0.1877213567495346,0.0013858984457328916,0.0010896777966991067,0.0005307937390170991,0.5137742161750793,0.2174401432275772,0.2505631446838379,0.06784360110759735,0.9543746113777161,0.9613704681396484,0.014053642749786377,0.9546290040016174,0.9559981226921082,0.0036968912463635206,0.9520585536956787,0.9522290229797363,0.0014446885325014591,0.0,0.001543689053505659,0.024343663826584816,0.0010970052098855376,0.02249770611524582,0.9503500461578369,0.09140492975711823,0.23371879756450653,9.03115051187342e-07,9.03115051187342e-07,0.2503146529197693,0.001543689053505659,0.024343663826584816,1.22021548421003e-09,0.024409733712673187
2314_0.51_1.78.png,39.795562744140625,40.442726135253906,0.6471633911132812,0.9947676062583923,0.9948991537094116,0.0001315474510192871,0.024892091751098633,0.04097414016723633,none,,False,0.44975465536117554,0.010820858180522919,,,1.0,,,,,,,,,,,,,,,,,,,,,,,,,,,,,,,,,,,,,,,,,,,fallback,2314_0.51_1.78.png,True,0.44975465536117554,0.010820858180522919,2.3912646770477295,1.7001862525939941,1.0,0.5159165263175964,0.5569649338722229,0.5371530055999756,0.22402548789978027,0.003880418138578534,0.012908698990941048,0.007087508216500282,0.4594933092594147,0.4836011528968811,0.4819925129413605,0.2224055975675583,0.001390111749060452,0.0011000069789588451,0.0005347614060156047,0.33789312839508057,0.25303444266319275,0.2954210340976715,0.07583021372556686,0.9539926648139954,0.9613817930221558,0.012692327611148357,0.9544812440872192,0.9557868838310242,0.0034948682878166437,0.9520605802536011,0.9522609114646912,0.0014664517948403955,0.0,0.0013293883530423045,0.02925957180559635,0.0021647135727107525,0.022856855764985085,0.9502825736999512,0.082216277718544,0.2248440980911255,1.0369964229539619e-06,1.0369964229539619e-06,0.29522904753685,0.0013293883530423045,0.02925957180559635,1.4050487440186998e-09,0.02448377199470997
2316_0.6_0.62.png,46.33430480957031,47.099952697753906,0.7656478881835938,0.9983386993408203,0.9984124898910522,7.37905502319336e-05,0.024985551834106445,0.036040544509887695,none,,False,0.44650688767433167,0.014089120551943779,,,1.0,,,,,,,,,,,,,,,,,,,,,,,,,,,,,,,,,,,,,,,,,,,fallback,2316_0.6_0.62.png,True,0.44650688767433167,0.014089120551943779,2.4042036533355713,1.7030192613601685,1.0,0.5175548195838928,0.5569626092910767,0.5387844443321228,0.20342250168323517,0.0038886202964931726,0.013053741306066513,0.007256233133375645,0.45943066477775574,0.483566552400589,0.48192983865737915,0.18757575750350952,0.001384366420097649,0.0010862632188946009,0.0005299244076013565,0.5317555069923401,0.20875680446624756,0.2461126744747162,0.06702139973640442,0.9544087052345276,0.9614725708961487,0.014162265695631504,0.9546424746513367,0.955998420715332,0.003736981190741062,0.9520585536956787,0.9522235989570618,0.001443482586182654,0.0,0.0015480812871828675,0.022808244451880455,0.0009928385261446238,0.02229926735162735,0.950352132320404,0.09159509092569351,0.2348921149969101,8.677981782057032e-07,8.677981782057032e-07,0.2458588182926178,0.0015480812871828675,0.022808244451880455,1.1796015275677973e-09,0.02437177114188671
2318_0.59_1.42.png,37.47898864746094,37.703468322753906,0.22447967529296875,0.9963536262512207,0.9965362548828125,0.00018262863159179688,0.02496194839477539,0.040968894958496094,none,,False,0.6192200779914856,0.007764448411762714,,,1.0,,,,,,,,,,,,,,,,,,,,,,,,,,,,,,,,,,,,,,,,,,,fallback,2318_0.59_1.42.png,True,0.6192200779914856,0.007764448411762714,2.808269739151001,1.791779637336731,1.0,0.5169153213500977,0.5562998652458191,0.538236141204834,0.18517448008060455,0.0035362052731215954,0.011527780443429947,0.006379105616360903,0.46150264143943787,0.4836837649345398,0.4841007590293884,0.18206694722175598,0.0013473329599946737,0.000990436878055334,0.00048069044714793563,0.38620755076408386,0.21970316767692566,0.28350669145584106,0.060922231525182724,0.9543266892433167,0.9607252478599548,0.01569012738764286,0.9545704126358032,0.95596843957901,0.003351788967847824,0.9520613551139832,0.9522870182991028,0.0014206847408786416,0.0,0.000754006439819932,0.012639072723686695,6.510416824312415e-06,0.018636396154761314,0.9502483606338501,0.0664493590593338,0.1834942251443863,7.975335165610886e-07,7.975335165610886e-07,0.2833348512649536,0.000754006439819932,0.012639072723686695,6.723671064357006e-10,0.024726834148168564
2319_0.9_0.55.png,39.88470458984375,40.90238952636719,1.0176849365234375,0.9982033967971802,0.9983632564544678,0.00015985965728759766,0.024987459182739258,0.03704428672790527,none,,False,0.6663669347763062,0.00951480958610773,,,1.0,,,,,,,,,,,,,,,,,,,,,,,,,,,,,,,,,,,,,,,,,,,fallback,2319_0.9_0.55.png,True,0.6663669347763062,0.00951480958610773,2.7604939937591553,1.7480324506759644,1.0,0.5179991126060486,0.5561239123344421,0.5392839908599854,0.18616950511932373,0.0035422206856310368,0.011715573258697987,0.006580048706382513,0.4616078734397888,0.4835391044616699,0.4842149019241333,0.1708979606628418,0.0013387923827394843,0.0009692287421785295,0.0004760275478474796,0.5841751098632812,0.15452249348163605,0.2310495525598526,0.045918408781290054,0.9548957347869873,0.9610923528671265,0.01798861473798752,0.9546117186546326,0.9558749794960022,0.003665642812848091,0.952058732509613,0.952193558216095,0.0014063408598303795,0.0,0.0007539556827396154,0.011994807049632072,3.2552084121562075e-06,0.016356877982616425,0.9502867460250854,0.06666907668113708,0.1882406324148178,5.230149326962419e-07,5.230149326962419e-07,0.23083484172821045,0.0007539556827396154,0.011994807049632072,4.192905467270691e-10,0.024272169917821884
2324_0.86_1.5.png,37.3241081237793,38.08251953125,0.7584114074707031,0.9936603307723999,0.9937750697135925,0.00011473894119262695,0.02500295639038086,0.040875911712646484,none,,False,0.6140917539596558,0.009253602474927902,,,0.9921568632125854,,,,,,,,,,,,,,,,,,,,,,,,,,,,,,,,,,,,,,,,,,,fallback,2324_0.86_1.5.png,True,0.6140917539596558,0.009253602474927902,2.083453893661499,1.7763358354568481,0.9921568632125854,0.5203346014022827,0.5570356249809265,0.5411592721939087,0.20141556859016418,0.003928034566342831,0.014123459346592426,0.007801451720297337,0.45325806736946106,0.4828837513923645,0.4754813313484192,0.17712922394275665,0.0013251585187390447,0.0009614747832529247,0.00045896341907791793,0.32177552580833435,0.23315070569515228,0.2983047068119049,0.072334423661232,0.9538598656654358,0.9597950577735901,0.011575352400541306,0.9545237421989441,0.9558418989181519,0.003457099199295044,0.9520642161369324,0.9522423148155212,0.001520919264294207,0.0,0.0005754695157520473,0.012629014439880848,3.2552084121562075e-06,0.015202222391963005,0.9500577449798584,0.051957253366708755,0.19175922870635986,1.0623112984831096e-06,1.0623112984831096e-06,0.2981295883655548,0.0005754695157520473,0.012629014439880848,5.073761966123413e-10,0.024588551372289658
2325_0.93_1.76.png,40.543540954589844,40.33301544189453,-0.2105255126953125,0.9959742426872253,0.9959167242050171,-5.751848220825195e-05,0.024993181228637695,0.03778481483459473,none,,False,0.6154468655586243,0.009300252422690392,,,1.0,,,,,,,,,,,,,,,,,,,,,,,,,,,,,,,,,,,,,,,,,,,fallback,2325_0.93_1.76.png,True,0.6154468655586243,0.009300252422690392,2.0283098220825195,1.0398503541946411,1.0,0.5174167156219482,0.5497716069221497,0.53867107629776,0.19482463598251343,0.003261607140302658,0.010773195885121822,0.00593239301815629,0.46011337637901306,0.4819445312023163,0.4826503098011017,0.1859690248966217,0.0012993377167731524,0.00086587033001706,0.0004242905124556273,0.48830145597457886,0.1973903477191925,0.2466917186975479,0.05102405697107315,0.954555869102478,0.9610676765441895,0.014006748795509338,0.9546138644218445,0.9557523727416992,0.003361247479915619,0.9520595669746399,0.9522545337677002,0.0014125576708465815,0.0,0.0005843139952048659,0.008391271345317364,0.0,0.01583138108253479,0.9501957297325134,0.061277542263269424,0.1534051150083542,5.301541818880651e-07,5.301541818880651e-07,0.24647855758666992,0.0005843139952048659,0.008391271345317364,3.7134931241133984e-10,0.024553760886192322
2328_0.86_1.07.png,44.77461242675781,44.67739486694336,-0.09721755981445312,0.9984681606292725,0.9984590411186218,-9.119510650634766e-06,0.02439594268798828,0.040528297424316406,none,,False,0.5733901858329773,0.010119330137968063,,,1.0,,,,,,,,,,,,,,,,,,,,,,,,,,,,,,,,,,,,,,,,,,,fallback,2328_0.86_1.07.png,True,0.5733901858329773,0.010119330137968063,2.0204200744628906,1.0370690822601318,1.0,0.51778644323349,0.5495309829711914,0.539027214050293,0.19657793641090393,0.003277449868619442,0.010913551785051823,0.0060369535349309444,0.4600903391838074,0.48189693689346313,0.48262733221054077,0.18550428748130798,0.0012976130237802863,0.0008611045777797699,0.00042377665522508323,0.5666584968566895,0.17326736450195312,0.23706965148448944,0.04874508082866669,0.9547988176345825,0.9619518518447876,0.015459185466170311,0.9546217918395996,0.9557929635047913,0.003534050891175866,0.9520597457885742,0.9522510170936584,0.0013908972032368183,0.0,0.0007100322400219738,0.009417785331606865,0.0,0.01701653189957142,0.950282871723175,0.06975854188203812,0.15176449716091156,5.234196578385308e-07,5.234196578385308e-07,0.23683825135231018,0.0007100322400219738,0.009417785331606865,4.669239994647967e-10,0.024580709636211395
2333_0.64_1.4.png,38.992828369140625,40.32941818237305,1.3365898132324219,0.9971553683280945,0.9973153471946716,0.00015997886657714844,0.025231122970581055,0.039438486099243164,none,,False,0.5485548973083496,0.0075599681586027145,,,1.0,,,,,,,,,,,,,,,,,,,,,,,,,,,,,,,,,,,,,,,,,,,fallback,2333_0.64_1.4.png,True,0.5485548973083496,0.0075599681586027145,1.855696678161621,1.6140280961990356,1.0,0.5221468806266785,0.5553876757621765,0.5428849458694458,0.2030518352985382,0.0039925784803926945,0.014872128143906593,0.008244896307587624,0.4542087912559509,0.4830237925052643,0.4764869213104248,0.18129420280456543,0.0013049887493252754,0.0009078939910978079,0.0004329840885475278,0.3014916479587555,0.20898552238941193,0.31258833408355713,0.05841081589460373,0.9540818333625793,0.9619362354278564,0.011884374544024467,0.9545499682426453,0.9557972550392151,0.00332502368837595,0.952066957950592,0.9522014260292053,0.0014558073598891497,0.0,0.0006059461156837642,0.017436301335692406,2.27864584303461e-05,0.017281265929341316,0.9501696825027466,0.059277478605508804,0.15798059105873108,1.0186651024923776e-06,1.0186651024923776e-06,0.3124171495437622,0.0006059461156837642,0.017436301335692406,8.213174584881244e-10,0.024840809404850006
2336_0.74_1.8.png,35.746768951416016,36.60102081298828,0.8542518615722656,0.9948561191558838,0.9950267672538757,0.00017064809799194336,0.026296377182006836,0.04051780700683594,none,,False,0.6050806641578674,0.00691954605281353,,,1.0,,,,,,,,,,,,,,,,,,,,,,,,,,,,,,,,,,,,,,,,,,,fallback,2336_0.74_1.8.png,True,0.6050806641578674,0.00691954605281353,1.8271386623382568,1.5729821920394897,1.0,0.5219798684120178,0.5554426312446594,0.5427312254905701,0.2059044986963272,0.003977994900196791,0.014773660339415073,0.008159858174622059,0.453989714384079,0.4825389087200165,0.47625645995140076,0.18082086741924286,0.0013049026019871235,0.0009084370103664696,0.00043217139318585396,0.2536987066268921,0.20247229933738708,0.326450914144516,0.061623524874448776,0.953902006149292,0.9619649052619934,0.011663665995001793,0.9545080661773682,0.9558250904083252,0.0032404630910605192,0.952065646648407,0.9522016644477844,0.0014814860187470913,0.0,0.00046888907672837377,0.015086827799677849,1.627604251552839e-05,0.015380077995359898,0.9500690698623657,0.050385311245918274,0.16088087856769562,1.06124446119793e-06,1.06124446119793e-06,0.3263009488582611,0.00046888907672837377,0.015086827799677849,6.473322988753694e-10,0.024848122149705887
233_0.75_1.0.png,40.57155990600586,40.77579116821289,0.20423126220703125,0.9970203638076782,0.9970904588699341,7.009506225585938e-05,0.017470598220825195,0.02742624282836914,none,,False,0.44933027029037476,0.022588448598980904,,,0.9529411792755127,,,,,,,,,,,,,,,,,,,,,,,,,,,,,,,,,,,,,,,,,,,fallback,233_0.75_1.0.png,True,0.44933027029037476,0.022588448598980904,2.141057252883911,1.3624440431594849,0.9529411792755127,0.4980747401714325,0.5532426834106445,0.5190609693527222,0.19024531543254852,0.003325095633044839,0.009698741137981415,0.005083977244794369,0.4396722614765167,0.4845559597015381,0.4611898958683014,0.17404349148273468,0.0013520480133593082,0.0010533335153013468,0.0004927912377752364,0.426249235868454,0.20394419133663177,0.24436065554618835,0.06049569323658943,0.9534619450569153,0.958927571773529,0.009744430892169476,0.9546313881874084,0.9563561081886292,0.0031609577126801014,0.952060878276825,0.9522280097007751,0.0014187212800607085,0.0,0.001490941969677806,0.06650102138519287,0.007685373537242413,0.024020617827773094,0.9502666592597961,0.08372361958026886,0.19301369786262512,7.847294227758539e-07,7.847294227758539e-07,0.24409693479537964,0.001490941969677806,0.06650102138519287,1.5546776088726233e-09,0.02471764199435711
2342_0.63_0.94.png,45.70952606201172,45.78001403808594,0.07048797607421875,0.9984114170074463,0.9984219074249268,1.049041748046875e-05,0.02757740020751953,0.038384199142456055,none,,False,0.44378918409347534,0.014405326917767525,,,0.9921568632125854,,,,,,,,,,,,,,,,,,,,,,,,,,,,,,,,,,,,,,,,,,,fallback,2342_0.63_0.94.png,True,0.44378918409347534,0.014405326917767525,1.744642734527588,1.0095210075378418,0.9921568632125854,0.4901576340198517,0.5533826947212219,0.5108880996704102,0.20340096950531006,0.0035813236609101295,0.010829520411789417,0.005727058742195368,0.42964616417884827,0.4838792681694031,0.4506693184375763,0.16921521723270416,0.0013771418016403913,0.0011238392908126116,0.0005105120944790542,0.5818308591842651,0.1928478628396988,0.22564204037189484,0.05823419988155365,0.9542444944381714,0.9602642059326172,0.013600924983620644,0.9545252919197083,0.9556885957717896,0.003682343754917383,0.9520573019981384,0.952280580997467,0.0014120732666924596,0.0,0.0017067859880626202,0.015621265396475792,3.255208503105678e-05,0.024717390537261963,0.9503985047340393,0.09819535911083221,0.20382823050022125,8.378212896786863e-07,8.378212896786863e-07,0.22537115216255188,0.0017067859880626202,0.015621265396475792,1.4822192362373698e-09,0.024529796093702316
2343_0.53_1.69.png,44.198570251464844,43.41119384765625,-0.7873764038085938,0.9977445602416992,0.9976984262466431,-4.6133995056152344e-05,0.028180837631225586,0.04080986976623535,none,,False,0.4362294673919678,0.01264526229351759,,,0.98562091588974,,,,,,,,,,,,,,,,,,,,,,,,,,,,,,,,,,,,,,,,,,,fallback,2343_0.53_1.69.png,True,0.4362294673919678,0.01264526229351759,1.7839527130126953,1.0235953330993652,0.98562091588974,0.49020060896873474,0.5529981255531311,0.5109592080116272,0.2063526064157486,0.003571951063349843,0.01074233278632164,0.0056581031531095505,0.43028777837753296,0.4835006594657898,0.45134127140045166,0.17230147123336792,0.001379282446578145,0.0011268913513049483,0.0005110091296955943,0.47318366169929504,0.24414177238941193,0.25228866934776306,0.06640513986349106,0.9540548920631409,0.959783673286438,0.012968788854777813,0.954468309879303,0.9558320641517639,0.003507838351652026,0.9520596265792847,0.9522932171821594,0.0014234640402719378,0.0,0.0015914877876639366,0.019575485959649086,0.0003352864587213844,0.02545968070626259,0.9503642916679382,0.09279666841030121,0.1932721883058548,9.701094541014754e-07,9.701094541014754e-07,0.25204116106033325,0.0015914877876639366,0.019575485959649086,1.662522008949452e-09,0.024593738839030266
2346_0.83_0.8.png,42.93777084350586,43.277366638183594,0.3395957946777344,0.997820258140564,0.9978145360946655,-5.7220458984375e-06,0.029556989669799805,0.03597140312194824,none,,False,0.49947690963745117,0.011680915020406246,,,1.0,,,,,,,,,,,,,,,,,,,,,,,,,,,,,,,,,,,,,,,,,,,fallback,2346_0.83_0.8.png,True,0.49947690963745117,0.011680915020406246,1.92567777633667,1.4871288537979126,1.0,0.5255056023597717,0.5535866022109985,0.5465599298477173,0.20402714610099792,0.0037651543971151114,0.01343764178454876,0.007484552916139364,0.4630347788333893,0.4825170338153839,0.48573431372642517,0.17727282643318176,0.0013150398153811693,0.0009130574762821198,0.0004486790276132524,0.544725239276886,0.22699418663978577,0.23836538195610046,0.05439630150794983,0.9543437957763672,0.9606819152832031,0.014079660177230835,0.9545795917510986,0.9559540748596191,0.0036991084925830364,0.95206618309021,0.9523067474365234,0.00146192975807935,0.0,0.0008211542735807598,0.011773630045354366,3.2552084121562075e-06,0.017682533711194992,0.9502904415130615,0.07245740294456482,0.14850802719593048,8.159467483892513e-07,8.159467483892513e-07,0.23812605440616608,0.0008211542735807598,0.011773630045354366,6.456969403600965e-10,0.02446119859814644
2360_0.68_1.44.png,45.60195541381836,45.247920989990234,-0.354034423828125,0.9982210993766785,0.9982130527496338,-8.046627044677734e-06,0.02860736846923828,0.04059290885925293,none,,False,0.46238845586776733,0.012741930782794952,,,1.0,,,,,,,,,,,,,,,,,,,,,,,,,,,,,,,,,,,,,,,,,,,fallback,2360_0.68_1.44.png,True,0.46238845586776733,0.012741930782794952,2.366154432296753,1.571498155593872,1.0,0.5224750638008118,0.5570101737976074,0.5436267852783203,0.20121847093105316,0.00362497940659523,0.012439688667654991,0.006859671324491501,0.46244651079177856,0.48211905360221863,0.4851081371307373,0.19158491492271423,0.0013228897005319595,0.0009350780164822936,0.000457546062534675,0.5161446332931519,0.23584939539432526,0.23808349668979645,0.06485041230916977,0.9541361927986145,0.9609577655792236,0.013259269297122955,0.9545250535011292,0.9560158848762512,0.0033868360333144665,0.9520647525787354,0.9522386193275452,0.001456676167435944,0.0,0.0009908872889354825,0.011102179996669292,6.510416824312415e-06,0.01936696469783783,0.9502940773963928,0.0766977071762085,0.16793768107891083,9.360819035464374e-07,9.360819035464374e-07,0.23784038424491882,0.0009908872889354825,0.011102179996669292,8.842200305281267e-10,0.023980427533388138
2369_0.55_0.62.png,46.234107971191406,47.31462478637695,1.0805168151855469,0.9973887801170349,0.9972671270370483,-0.00012165307998657227,0.02436971664428711,0.03722667694091797,none,,False,0.4630501866340637,0.011559433303773403,,,0.9973856806755066,,,,,,,,,,,,,,,,,,,,,,,,,,,,,,,,,,,,,,,,,,,fallback,2369_0.55_0.62.png,True,0.4630501866340637,0.011559433303773403,2.437370777130127,2.3416976928710938,0.9973856806755066,0.5040983557701111,0.551548182964325,0.5255927443504333,0.19384713470935822,0.0048153093084692955,0.016236569732427597,0.008874991908669472,0.4567676782608032,0.48493388295173645,0.4790814220905304,0.17712724208831787,0.0015804370632395148,0.0014824742684140801,0.0007238990510813892,0.5664936304092407,0.263630211353302,0.22227931022644043,0.06783845275640488,0.9545011520385742,0.96294766664505,0.017898181453347206,0.9546341300010681,0.956708550453186,0.0038836754392832518,0.9520512223243713,0.9522585272789001,0.0015528826043009758,0.0,0.002117503434419632,0.017692258581519127,7.812499825377017e-05,0.02577209658920765,0.9504917860031128,0.10502135008573532,0.23698480427265167,8.214205422518717e-07,8.214205422518717e-07,0.22205093502998352,0.002117503434419632,0.017692258581519127,1.2609417954223545e-09,0.02336001582443714
236_0.67_1.6.png,39.20082092285156,39.580291748046875,0.3794708251953125,0.9957464933395386,0.9958510398864746,0.00010454654693603516,0.0172421932220459,0.027379989624023438,none,,False,0.4654218256473541,0.018030039966106415,,,0.9189542531967163,,,,,,,,,,,,,,,,,,,,,,,,,,,,,,,,,,,,,,,,,,,fallback,236_0.67_1.6.png,True,0.4654218256473541,0.018030039966106415,2.10506272315979,1.3565585613250732,0.9189542531967163,0.4997231960296631,0.5539159774780273,0.5206954479217529,0.19034555554389954,0.0033468122128397226,0.009987176395952702,0.005221416242420673,0.4402582347393036,0.48486122488975525,0.46180811524391174,0.17402759194374084,0.0013457954628393054,0.00103717390447855,0.00048530084313824773,0.3340359628200531,0.20769274234771729,0.2776167094707489,0.06408053636550903,0.9532778859138489,0.9585456848144531,0.009694589301943779,0.9545466899871826,0.9562511444091797,0.002986720995977521,0.9520655870437622,0.952255368232727,0.0014485253486782312,0.0,0.001166089903563261,0.06149110570549965,0.006258090026676655,0.02260517328977585,0.9502111077308655,0.07291311025619507,0.1879231482744217,9.715054147818591e-07,9.715054147818591e-07,0.2774047255516052,0.001166089903563261,0.06149110570549965,1.390543902246577e-09,0.024751340970396996
2377_0.59_1.32.png,48.40007781982422,47.01382064819336,-1.3862571716308594,0.9961018562316895,0.9962177276611328,0.00011587142944335938,0.02518630027770996,0.03531026840209961,none,,False,0.30574938654899597,0.00857187993824482,,,1.0,,,,,,,,,,,,,,,,,,,,,,,,,,,,,,,,,,,,,,,,,,,fallback,2377_0.59_1.32.png,True,0.30574938654899597,0.00857187993824482,2.4463706016540527,1.2266676425933838,1.0,0.5135729908943176,0.554710328578949,0.5349547266960144,0.20974349975585938,0.003290739143267274,0.009939627721905708,0.005384540185332298,0.460788369178772,0.4825271666049957,0.4833435118198395,0.19213847815990448,0.0013454892905429006,0.000987448263913393,0.0004892547149211168,0.564486563205719,0.2191562056541443,0.21193304657936096,0.07784932851791382,0.9542371034622192,0.959378719329834,0.011787086725234985,0.9545683264732361,0.9560298919677734,0.003414194332435727,0.9520575404167175,0.952245831489563,0.0013951981673017144,0.0,0.002501433715224266,0.015234722755849361,0.00043294273200444877,0.028543421998620033,0.9504119753837585,0.11819832026958466,0.23544880747795105,7.903093433014874e-07,7.903093433014874e-07,0.21169964969158173,0.002501433715224266,0.015234722755849361,1.5562374722222216e-09,0.019862888380885124
2379_0.79_1.37.png,46.53697967529297,45.37332534790039,-1.1636543273925781,0.9950629472732544,0.9950639009475708,9.5367431640625e-07,0.027368545532226562,0.03537774085998535,none,,False,0.3442990183830261,0.008537047542631626,,,1.0,,,,,,,,,,,,,,,,,,,,,,,,,,,,,,,,,,,,,,,,,,,fallback,2379_0.79_1.37.png,True,0.3442990183830261,0.008537047542631626,2.4582436084747314,1.2111772298812866,1.0,0.5138656497001648,0.5553945899009705,0.5352458953857422,0.2047324776649475,0.003319868817925453,0.010098543018102646,0.005479231011122465,0.4610253572463989,0.4826951026916504,0.4835923910140991,0.19109179079532623,0.0013473662547767162,0.0009909053333103657,0.000491152866743505,0.5575675368309021,0.22730591893196106,0.2094496786594391,0.07766836136579514,0.9541046619415283,0.9603525996208191,0.011372343637049198,0.9545709490776062,0.9558585286140442,0.0034288857132196426,0.952057421207428,0.9522249102592468,0.0014173210365697742,0.0,0.0022618023212999105,0.015167543664574623,0.00042968749767169356,0.026539238169789314,0.9503596425056458,0.10974810272455215,0.2389119565486908,7.437514568664483e-07,7.437514568664483e-07,0.20921681821346283,0.0022618023212999105,0.015167543664574623,1.2022112194642887e-09,0.019804054871201515
2381_0.63_1.24.png,46.02769470214844,46.11930465698242,0.09160995483398438,0.9942633509635925,0.994297206401825,3.3855438232421875e-05,0.02751016616821289,0.035341739654541016,none,,False,0.4150729179382324,0.012083582580089569,,,1.0,,,,,,,,,,,,,,,,,,,,,,,,,,,,,,,,,,,,,,,,,,,fallback,2381_0.63_1.24.png,True,0.4150729179382324,0.012083582580089569,2.581693172454834,1.721189022064209,1.0,0.517681896686554,0.5546044707298279,0.5388999581336975,0.21193645894527435,0.00390890147536993,0.013187727890908718,0.007234867662191391,0.45996928215026855,0.48471683263778687,0.4824955463409424,0.1880136877298355,0.0013750353828072548,0.0010539644863456488,0.0005184774636290967,0.514170229434967,0.167058527469635,0.24063538014888763,0.06150289997458458,0.9542677998542786,0.9593414068222046,0.013535860925912857,0.9546405076980591,0.9562190175056458,0.004000568296760321,0.9520583152770996,0.9522043466567993,0.0014724025968462229,0.0,0.0015159244649112225,0.021924784407019615,5.533854346140288e-05,0.02292940393090248,0.9503330588340759,0.0905405730009079,0.22616031765937805,8.219628284678038e-07,8.219628284678038e-07,0.24039775133132935,0.0015159244649112225,0.021924784407019615,1.0896575863839075e-09,0.02208290621638298
2383_0.59_1.38.png,45.976341247558594,45.25126647949219,-0.7250747680664062,0.9941787719726562,0.9940167665481567,-0.00016200542449951172,0.027498722076416016,0.03595924377441406,none,,False,0.41310441493988037,0.011839218437671661,,,1.0,,,,,,,,,,,,,,,,,,,,,,,,,,,,,,,,,,,,,,,,,,,fallback,2383_0.59_1.38.png,True,0.41310441493988037,0.011839218437671661,2.592015504837036,1.7216264009475708,1.0,0.5174009203910828,0.5546210408210754,0.5386242866516113,0.2175961285829544,0.003914172761142254,0.013172070495784283,0.007221417501568794,0.45990651845932007,0.4846934676170349,0.4824288487434387,0.18776480853557587,0.001377392210997641,0.0010600980604067445,0.0005201574531383812,0.4954226315021515,0.1725405603647232,0.2450340837240219,0.0623750239610672,0.9542393088340759,0.9592835903167725,0.013404172845184803,0.9546228051185608,0.9563312530517578,0.0039304946549236774,0.9520583152770996,0.9522078037261963,0.001474481076002121,0.0,0.0015108691295608878,0.02198665402829647,6.184895755723119e-05,0.023075763136148453,0.9503276944160461,0.09001996368169785,0.22573748230934143,8.490476375300204e-07,8.490476375300204e-07,0.24480171501636505,0.0015108691295608878,0.02198665402829647,1.1203764582745634e-09,0.022076819092035294
2384_0.57_0.86.png,48.60658264160156,48.294525146484375,-0.3120574951171875,0.9956569075584412,0.9957726001739502,0.0001156926155090332,0.027580738067626953,0.036104440689086914,none,,False,0.38792258501052856,0.012793006375432014,,,1.0,,,,,,,,,,,,,,,,,,,,,,,,,,,,,,,,,,,,,,,,,,,fallback,2384_0.57_0.86.png,True,0.38792258501052856,0.012793006375432014,2.6097774505615234,1.7782315015792847,1.0,0.5191830396652222,0.5553969740867615,0.5403603315353394,0.20215952396392822,0.003926694858819246,0.01347963884472847,0.007420438341796398,0.4601357579231262,0.4849162995815277,0.482674777507782,0.18731513619422913,0.001366137876175344,0.0010318367276340723,0.0005102429422549903,0.5744146108627319,0.14440150558948517,0.22430700063705444,0.058405376970767975,0.9544917941093445,0.959753692150116,0.01406774390488863,0.9546655416488647,0.9562829732894897,0.004179487470537424,0.9520590305328369,0.9522095322608948,0.0014591995859518647,0.0,0.0017302549676969647,0.021675067022442818,5.533854346140288e-05,0.02414741925895214,0.9503900408744812,0.09971188753843307,0.22662679851055145,8.142424121615477e-07,8.142424121615477e-07,0.2240518033504486,0.0017302549676969647,0.021675067022442818,1.3279646271513457e-09,0.02207878604531288
2386_0.97_1.08.png,41.72969055175781,41.72185516357422,-0.00783538818359375,0.9981886744499207,0.9981748461723328,-1.3828277587890625e-05,0.028078556060791016,0.036066532135009766,none,,False,0.5917301774024963,0.01315401867032051,,,1.0,,,,,,,,,,,,,,,,,,,,,,,,,,,,,,,,,,,,,,,,,,,fallback,2386_0.97_1.08.png,True,0.5917301774024963,0.01315401867032051,2.284796953201294,1.6264090538024902,1.0,0.5149229168891907,0.5571125745773315,0.5361869931221008,0.21300898492336273,0.003756254678592086,0.012411420233547688,0.0068733724765479565,0.45874813199043274,0.4838675558567047,0.48120757937431335,0.18786188960075378,0.001376922009512782,0.0010620113462209702,0.0005178450956009328,0.542524516582489,0.1961023062467575,0.22320984303951263,0.04854780435562134,0.9544981122016907,0.9625016450881958,0.014371621422469616,0.9545895457267761,0.9560386538505554,0.003730508266016841,0.9520573019981384,0.9522085785865784,0.0014572078362107277,0.0,0.0007459480548277497,0.012764360755681992,3.2552084121562075e-06,0.01690991409122944,0.9502455592155457,0.06749636679887772,0.15315702557563782,5.753404366259929e-07,5.753404366259929e-07,0.22296972572803497,0.0007459480548277497,0.012764360755681992,4.666686481691329e-10,0.023832151666283607
238_0.87_1.74.png,36.098670959472656,36.12761306762695,0.028942108154296875,0.9943341016769409,0.9943526983261108,1.8596649169921875e-05,0.01761794090270996,0.02535414695739746,none,,False,0.7184892296791077,0.007472898345440626,,,0.9843137264251709,,,,,,,,,,,,,,,,,,,,,,,,,,,,,,,,,,,,,,,,,,,fallback,238_0.87_1.74.png,True,0.7184892296791077,0.007472898345440626,1.8737478256225586,2.5535888671875,0.9843137264251709,0.520492672920227,0.5555479526519775,0.5416028499603271,0.16689050197601318,0.004555299412459135,0.016174964606761932,0.00883432850241661,0.45767825841903687,0.48455169796943665,0.48009368777275085,0.15825462341308594,0.0014522369019687176,0.0012451214715838432,0.0005965599557384849,0.26857390999794006,0.30668866634368896,0.28676217794418335,0.07364979386329651,0.9536267518997192,0.9598439335823059,0.011837685480713844,0.9545082449913025,0.9558514952659607,0.004470654763281345,0.9520620703697205,0.9522323608398438,0.0015637459000572562,0.0,0.001126737566664815,0.10820244252681732,0.00995053630322218,0.016258638352155685,0.9500492215156555,0.054712701588869095,0.2631314694881439,6.5675368432494e-07,6.5675368432494e-07,0.28662794828414917,0.001126737566664815,0.10820244252681732,2.158442979904862e-09,0.024714607745409012
2392_0.93_1.96.png,37.47064971923828,38.55542755126953,1.08477783203125,0.9967880249023438,0.9970329999923706,0.00024497509002685547,0.026932954788208008,0.05098080635070801,none,,False,0.6063692569732666,0.010971026495099068,,,1.0,,,,,,,,,,,,,,,,,,,,,,,,,,,,,,,,,,,,,,,,,,,fallback,2392_0.93_1.96.png,True,0.6063692569732666,0.010971026495099068,2.595982074737549,1.4615991115570068,1.0,0.5138903856277466,0.5557998418807983,0.5351617336273193,0.20643922686576843,0.00331668253056705,0.01030826661735773,0.005668290890753269,0.45781993865966797,0.48225417733192444,0.4802369177341461,0.20221801102161407,0.0013303629821166396,0.0009609792614355683,0.00046684499830007553,0.4679681658744812,0.2009763866662979,0.23689211905002594,0.04927998408675194,0.9542548656463623,0.9612169861793518,0.012670464813709259,0.9545319080352783,0.9560710191726685,0.0030786111019551754,0.9520599842071533,0.9522678256034851,0.0014507768210023642,0.0,0.0006793413194827735,0.010864767245948315,6.510416824312415e-06,0.016852404922246933,0.950173020362854,0.06370202451944351,0.14475804567337036,7.534928272434627e-07,7.534928272434627e-07,0.23668187856674194,0.0006793413194827735,0.010864767245948315,4.4534040344323955e-10,0.024691201746463776
2395_0.78_1.43.png,43.05124282836914,42.55023193359375,-0.5010108947753906,0.9969870448112488,0.9969508051872253,-3.62396240234375e-05,0.028066396713256836,0.03761625289916992,none,,False,0.4579924941062927,0.009361816570162773,,,1.0,,,,,,,,,,,,,,,,,,,,,,,,,,,,,,,,,,,,,,,,,,,fallback,2395_0.78_1.43.png,True,0.4579924941062927,0.009361816570162773,2.314941644668579,1.3787401914596558,1.0,0.5149000287055969,0.5568281412124634,0.5361328125,0.21611157059669495,0.0034159112256020308,0.010938837192952633,0.0059542045928537846,0.45759788155555725,0.483061283826828,0.4800073802471161,0.20823724567890167,0.00132999278139323,0.0009540528408251703,0.00046177516924217343,0.47301051020622253,0.20686125755310059,0.2454712986946106,0.06165585294365883,0.9541064500808716,0.9596959352493286,0.011549828574061394,0.9545194506645203,0.9557278752326965,0.0033507817424833775,0.9520615935325623,0.9522125720977783,0.0014624845935031772,0.0,0.0010922618675976992,0.021382499486207962,1.627604251552839e-05,0.020236432552337646,0.9502567648887634,0.07749754935503006,0.19258294999599457,9.298840950577869e-07,9.298840950577869e-07,0.245242640376091,0.0010922618675976992,0.021382499486207962,8.152379882275795e-10,0.02447345294058323
2396_0.69_0.73.png,45.95844650268555,45.10438537597656,-0.8540611267089844,0.9986528754234314,0.9986078143119812,-4.506111145019531e-05,0.029789447784423828,0.04068732261657715,none,,False,0.3968234062194824,0.010519493371248245,,,1.0,,,,,,,,,,,,,,,,,,,,,,,,,,,,,,,,,,,,,,,,,,,fallback,2396_0.69_0.73.png,True,0.3968234062194824,0.010519493371248245,2.3005714416503906,1.3628270626068115,1.0,0.5154643654823303,0.5568779706954956,0.5366588234901428,0.21445029973983765,0.0034228635486215353,0.01112289261072874,0.006069321185350418,0.4572993218898773,0.4832046329975128,0.47969716787338257,0.20750580728054047,0.0013229879550635815,0.0009369057370349765,0.00045494665391743183,0.597555935382843,0.14953315258026123,0.22113443911075592,0.053755149245262146,0.9544238448143005,0.9598901867866516,0.012694352306425571,0.9545764327049255,0.9561407566070557,0.0036158442962914705,0.9520606994628906,0.9521987438201904,0.0014161214930936694,0.0,0.0014309227699413896,0.021450230851769447,2.27864584303461e-05,0.02253592573106289,0.9503700137138367,0.09428196400403976,0.19979071617126465,7.376412440862623e-07,7.376412440862623e-07,0.22088369727134705,0.0014309227699413896,0.021450230851769447,1.0274582296077028e-09,0.02443864196538925
2398_0.89_1.09.png,39.733253479003906,39.78840637207031,0.05515289306640625,0.9950776100158691,0.9952842593193054,0.0002066493034362793,0.02933025360107422,0.0393829345703125,none,,False,0.5873427987098694,0.009699768386781216,,,0.9960784912109375,,,,,,,,,,,,,,,,,,,,,,,,,,,,,,,,,,,,,,,,,,,fallback,2398_0.89_1.09.png,True,0.5873427987098694,0.009699768386781216,2.4076855182647705,1.0042928457260132,0.9960784912109375,0.49810701608657837,0.549379289150238,0.5199506282806396,0.196996808052063,0.0034492970444262028,0.008498218841850758,0.00457470677793026,0.45770829916000366,0.48453864455223083,0.48005759716033936,0.17282386124134064,0.001489932183176279,0.0013273080112412572,0.0006396198295988142,0.5449821949005127,0.18938559293746948,0.2427707016468048,0.05229568853974342,0.9547469019889832,0.96125727891922,0.01730971410870552,0.9545113444328308,0.9556102752685547,0.0034940973855555058,0.9520410299301147,0.9522206783294678,0.0014052059268578887,0.0,0.0010259643895551562,0.00913177989423275,0.0,0.01988184079527855,0.950290322303772,0.07843875139951706,0.19157516956329346,4.6886037807780667e-07,4.6886037807780667e-07,0.24255214631557465,0.0010259643895551562,0.00913177989423275,5.3643200992326e-10,0.024241147562861443
2402_0.8_0.8.png,40.86260986328125,39.99921798706055,-0.8633918762207031,0.998003363609314,0.997840166091919,-0.00016319751739501953,0.02971816062927246,0.04052877426147461,none,,False,0.633422315120697,0.014425748959183693,,,1.0,,,,,,,,,,,,,,,,,,,,,,,,,,,,,,,,,,,,,,,,,,,fallback,2402_0.8_0.8.png,True,0.633422315120697,0.014425748959183693,2.241297960281372,1.198480486869812,1.0,0.5277799367904663,0.5568003058433533,0.5487617254257202,0.20200122892856598,0.0038104692939668894,0.014382031746208668,0.008061033673584461,0.4615594446659088,0.48246437311172485,0.4841943383216858,0.18153950572013855,0.0012879908317700028,0.0008318558684550226,0.00041275148396380246,0.5896577835083008,0.14645646512508392,0.23248790204524994,0.0466935858130455,0.9547903537750244,0.9607711434364319,0.015282219275832176,0.9546979069709778,0.9558254480361938,0.0038444427773356438,0.9520680904388428,0.9522057771682739,0.0014367590192705393,0.0,0.0006048251525498927,0.012087046168744564,3.2552084121562075e-06,0.015184453688561916,0.9502894878387451,0.06257796287536621,0.17463867366313934,6.221375770110171e-07,6.221375770110171e-07,0.23224319517612457,0.0006048251525498927,0.012087046168744564,5.087384957747076e-10,0.024563200771808624
2403_0.79_0.99.png,40.421661376953125,39.623802185058594,-0.7978591918945312,0.9975050687789917,0.9973659515380859,-0.00013911724090576172,0.029485464096069336,0.03790450096130371,none,,False,0.6368138194084167,0.01395716518163681,,,1.0,,,,,,,,,,,,,,,,,,,,,,,,,,,,,,,,,,,,,,,,,,,fallback,2403_0.79_0.99.png,True,0.6368138194084167,0.01395716518163681,2.2461323738098145,1.2091773748397827,1.0,0.5278664231300354,0.5568064451217651,0.5488450527191162,0.20199112594127655,0.003816303564235568,0.014417314901947975,0.008061951026320457,0.46154114603996277,0.4813183844089508,0.4841753840446472,0.18326258659362793,0.0012879387941211462,0.0008317299070768058,0.00041151748155243695,0.5512217283248901,0.15656012296676636,0.24042244255542755,0.047615665942430496,0.954675018787384,0.960462212562561,0.014585564844310284,0.954704999923706,0.9558213949203491,0.003769584931433201,0.9520685076713562,0.9522073864936829,0.0014418362407013774,0.0,0.0005792820593342185,0.01207421999424696,3.2552084121562075e-06,0.015109315514564514,0.950265645980835,0.06072664260864258,0.17407044768333435,6.682931825707783e-07,6.682931825707783e-07,0.2401866763830185,0.0005792820593342185,0.01207421999424696,5.10029518618893e-10,0.024651585146784782
2413_0.71_1.28.png,41.93517303466797,41.85862731933594,-0.07654571533203125,0.9973454475402832,0.9973094463348389,-3.600120544433594e-05,0.029589176177978516,0.04050445556640625,none,,False,0.6522011756896973,0.006430060602724552,,,1.0,,,,,,,,,,,,,,,,,,,,,,,,,,,,,,,,,,,,,,,,,,,fallback,2413_0.71_1.28.png,True,0.6522011756896973,0.006430060602724552,1.7109485864639282,1.4951847791671753,1.0,0.5243490934371948,0.552217423915863,0.5453636050224304,0.21371100842952728,0.0038722134195268154,0.014222729951143265,0.007874823175370693,0.4608609080314636,0.48449766635894775,0.4834538400173187,0.19978459179401398,0.0013131508603692055,0.0008990057394839823,0.000436407484812662,0.26294922828674316,0.1787090301513672,0.2964283525943756,0.04890456050634384,0.9540963172912598,0.9606199264526367,0.011177449487149715,0.9545254707336426,0.9560145735740662,0.0030169838573783636,0.9520696401596069,0.9522308111190796,0.0014916103100404143,0.0,0.0005293651483952999,0.02053174376487732,9.765624781721272e-06,0.01594945229589939,0.9501396417617798,0.05196448788046837,0.1885114163160324,1.1798226751125185e-06,1.1798226751125185e-06,0.2962999641895294,0.0005293651483952999,0.02053174376487732,5.829284277503177e-10,0.02492283284664154
2415_0.55_1.63.png,39.72005081176758,38.673797607421875,-1.0462532043457031,0.9970536231994629,0.9969240427017212,-0.00012958049774169922,0.028150081634521484,0.03848624229431152,none,,False,0.5937829613685608,0.005765057168900967,,,1.0,,,,,,,,,,,,,,,,,,,,,,,,,,,,,,,,,,,,,,,,,,,fallback,2415_0.55_1.63.png,True,0.5937829613685608,0.005765057168900967,1.6722017526626587,1.5099050998687744,1.0,0.524113655090332,0.5524042844772339,0.5451110005378723,0.21672482788562775,0.0038899558130651712,0.01429156493395567,0.007886458188295364,0.46064046025276184,0.48453256487846375,0.483223021030426,0.2045714110136032,0.0013134771725162864,0.0009017789852805436,0.0004368304798845202,0.21321772038936615,0.17911580204963684,0.3185471296310425,0.05149901658296585,0.9540358781814575,0.9609960913658142,0.011100992560386658,0.9545201063156128,0.9564735889434814,0.0030480215791612864,0.9520729780197144,0.9522557854652405,0.001489110174588859,0.0,0.0006421355647034943,0.020353373140096664,2.9296876164153218e-05,0.01837317831814289,0.9501938819885254,0.0577455535531044,0.18049688637256622,1.290325940317416e-06,1.290325940317416e-06,0.31842905282974243,0.0006421355647034943,0.020353373140096664,9.006459467109096e-10,0.02493765763938427
2416_0.83_0.88.png,41.32725524902344,41.65595626831055,0.3287010192871094,0.997471034526825,0.9975044131278992,3.337860107421875e-05,0.02927875518798828,0.040726423263549805,none,,False,0.6691476106643677,0.0074148778803646564,,,1.0,,,,,,,,,,,,,,,,,,,,,,,,,,,,,,,,,,,,,,,,,,,fallback,2416_0.83_0.88.png,True,0.6691476106643677,0.0074148778803646564,1.721077561378479,1.484291434288025,1.0,0.524382472038269,0.5519172549247742,0.5454074144363403,0.20443648099899292,0.0038545236457139254,0.014147339388728142,0.007873687893152237,0.4612317383289337,0.4844514727592468,0.4838423728942871,0.18762725591659546,0.001311896019615233,0.0008946500602178276,0.00043682297109626234,0.3788456916809082,0.1643148511648178,0.2662031948566437,0.04537998139858246,0.9543746113777161,0.960501492023468,0.012090513482689857,0.9545739889144897,0.9558514952659607,0.003175815800204873,0.9520673751831055,0.9521884322166443,0.001479528145864606,0.0,0.0005408376455307007,0.020821427926421165,9.765624781721272e-06,0.015145712532103062,0.9501535296440125,0.053349025547504425,0.19295363128185272,8.863302127792849e-07,8.863302127792849e-07,0.2660497725009918,0.0005408376455307007,0.020821427926421165,4.4311498914595404e-10,0.024880552664399147
2420_0.95_0.63.png,43.21607971191406,43.33498001098633,0.11890029907226562,0.9980777502059937,0.9980687499046326,-9.000301361083984e-06,0.02964043617248535,0.03838086128234863,none,,False,0.4634552001953125,0.01504031103104353,,,1.0,,,,,,,,,,,,,,,,,,,,,,,,,,,,,,,,,,,,,,,,,,,fallback,2420_0.95_0.63.png,True,0.4634552001953125,0.01504031103104353,2.252668857574463,1.4662220478057861,1.0,0.5124484300613403,0.5510348677635193,0.5336442589759827,0.20740823447704315,0.003433822188526392,0.011075738817453384,0.006086267065256834,0.4546456038951874,0.48406103253364563,0.47690826654434204,0.17840901017189026,0.0013314064126461744,0.0009551089024171233,0.00046167592518031597,0.6148571968078613,0.13214954733848572,0.2082192301750183,0.03988825902342796,0.9545513391494751,0.9612924456596375,0.013873253017663956,0.9546207785606384,0.9557977914810181,0.0036498475819826126,0.9520576000213623,0.9522762298583984,0.001412802841514349,0.0,0.0011294304858893156,0.015543421730399132,6.510416824312415e-06,0.020183928310871124,0.9503337144851685,0.08509384095668793,0.19920533895492554,5.258534088170563e-07,5.258534088170563e-07,0.20794087648391724,0.0011294304858893156,0.015543421730399132,6.570067268008017e-10,0.023858340457081795
2421_0.95_1.35.png,36.894622802734375,37.46196746826172,0.5673446655273438,0.9927803874015808,0.9929724931716919,0.00019210577011108398,0.029648542404174805,0.04056406021118164,none,,False,0.5605059266090393,0.018783867359161377,,,1.0,,,,,,,,,,,,,,,,,,,,,,,,,,,,,,,,,,,,,,,,,,,fallback,2421_0.95_1.35.png,True,0.5605059266090393,0.018783867359161377,2.1196908950805664,1.157279133796692,1.0,0.5206927061080933,0.5569924116134644,0.541592001914978,0.20998746156692505,0.00372853921726346,0.013390811160206795,0.007458226289600134,0.45468172430992126,0.4822831451892853,0.47697389125823975,0.19447310268878937,0.0013010631082579494,0.0008943440625444055,0.00043415537220425904,0.5522029399871826,0.2008049339056015,0.2182401567697525,0.0506848506629467,0.9544241428375244,0.9607481360435486,0.01414466556161642,0.9546287059783936,0.9558520317077637,0.003777206875383854,0.9520649313926697,0.9522669315338135,0.0014738400932401419,0.0,0.0006705594714730978,0.013886470347642899,9.765624781721272e-06,0.01603630743920803,0.9502422213554382,0.06439138203859329,0.1505124866962433,7.768135219521355e-07,7.768135219521355e-07,0.21793252229690552,0.0006705594714730978,0.013886470347642899,5.605343411652086e-10,0.0230120737105608
2428_0.56_1.84.png,42.52234649658203,41.85360336303711,-0.6687431335449219,0.9970909953117371,0.9971073865890503,1.6391277313232422e-05,0.029660463333129883,0.03904247283935547,none,,False,0.5496304035186768,0.009567863307893276,,,1.0,,,,,,,,,,,,,,,,,,,,,,,,,,,,,,,,,,,,,,,,,,,fallback,2428_0.56_1.84.png,True,0.5496304035186768,0.009567863307893276,2.1518988609313965,1.7849692106246948,1.0,0.5135698914527893,0.5499898791313171,0.5348464846611023,0.2069847583770752,0.0036709741689264774,0.01204544398933649,0.006547156255692244,0.4582555294036865,0.48356306552886963,0.4806891083717346,0.1928802728652954,0.0013681432465091348,0.0010326736373826861,0.0004984685219824314,0.27466294169425964,0.23991721868515015,0.29693299531936646,0.07175353914499283,0.9540613293647766,0.9593514204025269,0.01166173629462719,0.9545295238494873,0.9561951160430908,0.0029908381402492523,0.9520634412765503,0.9522597193717957,0.0014548172475770116,0.0,0.001117695472203195,0.01604766584932804,0.0011035156203433871,0.021949876099824905,0.9502506256103516,0.0740666463971138,0.18535731732845306,1.0899690323640243e-06,1.0899690323640243e-06,0.29676157236099243,0.001117695472203195,0.01604766584932804,1.2360167334080074e-09,0.024790657684206963
2435_0.72_0.78.png,44.62620162963867,44.179710388183594,-0.4464912414550781,0.999132513999939,0.9991247653961182,-7.748603820800781e-06,0.02971196174621582,0.04080772399902344,none,,False,0.6045796871185303,0.01582435332238674,,,0.9986928701400757,,,,,,,,,,,,,,,,,,,,,,,,,,,,,,,,,,,,,,,,,,,fallback,2435_0.72_0.78.png,True,0.6045796871185303,0.01582435332238674,2.9580957889556885,1.7002888917922974,0.9986928701400757,0.5048367381095886,0.5537296533584595,0.5264637470245361,0.18618668615818024,0.003480567131191492,0.009606234729290009,0.005243066232651472,0.46000128984451294,0.48393285274505615,0.48248693346977234,0.17213179171085358,0.0014390416909009218,0.0012152799172326922,0.0005919434479437768,0.602208137512207,0.20826111733913422,0.22040121257305145,0.06209973245859146,0.9546931982040405,0.9596133828163147,0.017615098506212234,0.9545836448669434,0.9558366537094116,0.0036318518687039614,0.9520494937896729,0.9522125720977783,0.0013922032667323947,0.0,0.0016005748184397817,0.010495554655790329,0.00011718750465661287,0.021731911227107048,0.9503812193870544,0.08939804136753082,0.23424412310123444,5.56038628474198e-07,5.56038628474198e-07,0.2201312780380249,0.0016005748184397817,0.010495554655790329,8.45670866667092e-10,0.024531042203307152
2436_0.83_1.9.png,41.75674057006836,41.30249786376953,-0.4542427062988281,0.9981247782707214,0.9980503916740417,-7.43865966796875e-05,0.02979302406311035,0.03727364540100098,none,,False,0.6358996033668518,0.013228662312030792,,,0.9986928701400757,,,,,,,,,,,,,,,,,,,,,,,,,,,,,,,,,,,,,,,,,,,fallback,2436_0.83_1.9.png,True,0.6358996033668518,0.013228662312030792,2.939948081970215,1.6688673496246338,0.9986928701400757,0.5048161149024963,0.5534330606460571,0.5264538526535034,0.18963660299777985,0.0034574863966554403,0.009474466554820538,0.00512799434363842,0.46008992195129395,0.48382118344306946,0.48257976770401,0.180708110332489,0.0014370318967849016,0.0012116640573367476,0.0005872739711776376,0.48296183347702026,0.2525401711463928,0.2441336065530777,0.06879550963640213,0.9543416500091553,0.9597221612930298,0.01478787325322628,0.9545371532440186,0.955811083316803,0.0032767122611403465,0.9520502090454102,0.9522172212600708,0.001406411174684763,0.0,0.0013022845378145576,0.011374597437679768,0.00018554687267169356,0.0204642154276371,0.9502667188644409,0.07845564931631088,0.2352476567029953,6.553961497957062e-07,6.553961497957062e-07,0.24390330910682678,0.0013022845378145576,0.011374597437679768,7.041784932937389e-10,0.024663802236318588
243_0.67_1.41.png,30.265071868896484,30.40115737915039,0.13608551025390625,0.992530345916748,0.9928139448165894,0.0002835988998413086,0.01841568946838379,0.0248410701751709,none,,False,0.646213948726654,0.012587289325892925,,,0.9986928701400757,,,,,,,,,,,,,,,,,,,,,,,,,,,,,,,,,,,,,,,,,,,fallback,243_0.67_1.41.png,True,0.646213948726654,0.012587289325892925,1.099429726600647,1.9574297666549683,0.9986928701400757,0.5239557027816772,0.5543966889381409,0.5448464751243591,0.1672200858592987,0.004628586582839489,0.017131876200437546,0.009381502866744995,0.45534732937812805,0.4844970703125,0.4776669144630432,0.15869717299938202,0.0014188261702656746,0.0011782567016780376,0.0005596958799287677,0.2209174484014511,0.26561668515205383,0.3396341800689697,0.0938466265797615,0.9538095593452454,0.9608511328697205,0.01754305139183998,0.9545691013336182,0.9558924436569214,0.005121852271258831,0.9520630240440369,0.9522220492362976,0.0015294086188077927,0.0,0.0007390704704448581,0.06526705622673035,0.0038831362035125494,0.015283096581697464,0.9499902725219727,0.051313988864421844,0.2135583758354187,1.0802939414134016e-06,1.0802939414134016e-06,0.33948391675949097,0.0007390704704448581,0.06526705622673035,1.2668631699241928e-09,0.024806898087263107
2442_0.66_0.8.png,44.756805419921875,45.195953369140625,0.43914794921875,0.9979394674301147,0.9980239272117615,8.445978164672852e-05,0.02823805809020996,0.0367586612701416,none,,False,0.5362436175346375,0.01271508913487196,,,1.0,,,,,,,,,,,,,,,,,,,,,,,,,,,,,,,,,,,,,,,,,,,fallback,2442_0.66_0.8.png,True,0.5362436175346375,0.01271508913487196,2.2907559871673584,1.9567948579788208,1.0,0.5180213451385498,0.5555248260498047,0.5392360687255859,0.18459010124206543,0.0041314465925097466,0.013997601345181465,0.00780993327498436,0.46090495586395264,0.4849194288253784,0.48347291350364685,0.18528485298156738,0.0014210599474608898,0.001170928357169032,0.000571157259400934,0.5165244936943054,0.25292742252349854,0.23280246555805206,0.0647851750254631,0.9543744325637817,0.9597898125648499,0.01611444540321827,0.9545925855636597,0.9556661248207092,0.0038408185355365276,0.9520615935325623,0.952267587184906,0.0014742538332939148,0.0,0.0011239227605983615,0.01491086557507515,0.0005305989761836827,0.019973183050751686,0.9503464102745056,0.07903904467821121,0.2251252681016922,9.155497195934004e-07,9.155497195934004e-07,0.23252899944782257,0.0011239227605983615,0.01491086557507515,9.587155513912649e-10,0.023327428847551346
2444_0.8_1.01.png,43.671451568603516,44.084190368652344,0.4127388000488281,0.9973308444023132,0.9973545074462891,2.3663043975830078e-05,0.02953338623046875,0.03533935546875,none,,False,0.5796229243278503,0.012025842443108559,,,1.0,,,,,,,,,,,,,,,,,,,,,,,,,,,,,,,,,,,,,,,,,,,fallback,2444_0.8_1.01.png,True,0.5796229243278503,0.012025842443108559,2.262662410736084,1.9577118158340454,1.0,0.518398106098175,0.5555048584938049,0.5396172404289246,0.1802830845117569,0.004138389602303505,0.014037109911441803,0.0078085255809128284,0.46115031838417053,0.4849173128604889,0.4837305247783661,0.17782270908355713,0.0014215914998203516,0.0011718847090378404,0.0005719619221054018,0.47743934392929077,0.2699020802974701,0.2380654513835907,0.06709367036819458,0.954197108745575,0.9596670269966125,0.01563486084342003,0.9545617699623108,0.9557006359100342,0.0037950524128973484,0.9520611763000488,0.9522660970687866,0.0014955643564462662,0.0,0.0009698240319266915,0.01458512432873249,0.00033854166395030916,0.018362730741500854,0.9502758979797363,0.07077676057815552,0.22312003374099731,9.332192121291882e-07,9.332192121291882e-07,0.23780596256256104,0.0009698240319266915,0.01458512432873249,7.547773517302403e-10,0.02330627292394638
2446_0.73_1.52.png,42.25025939941406,41.91278839111328,-0.33747100830078125,0.9943122863769531,0.9944309592247009,0.00011867284774780273,0.02869129180908203,0.06960177421569824,none,,False,0.5759374499320984,0.01125729363411665,,,1.0,,,,,,,,,,,,,,,,,,,,,,,,,,,,,,,,,,,,,,,,,,,fallback,2446_0.73_1.52.png,True,0.5759374499320984,0.01125729363411665,1.9328066110610962,1.0360100269317627,1.0,0.5189049243927002,0.5560163259506226,0.5397983193397522,0.20256170630455017,0.003667116165161133,0.013140306808054447,0.007257516495883465,0.4524577856063843,0.482610821723938,0.47463923692703247,0.18389517068862915,0.0012954485137015581,0.0008782718796283007,0.0004251261707395315,0.43103644251823425,0.19173680245876312,0.24375759065151215,0.05876168608665466,0.9540006518363953,0.9593660235404968,0.011913156136870384,0.954599916934967,0.9557885527610779,0.003361018607392907,0.9520666003227234,0.9522196054458618,0.0014583596494048834,0.0,0.0008198990835808218,0.01246725395321846,6.510416824312415e-06,0.017637040466070175,0.9501937627792358,0.06513571739196777,0.21262679994106293,8.492142455907015e-07,8.492142455907015e-07,0.24350833892822266,0.0008198990835808218,0.01246725395321846,6.338795044413814e-10,0.02300288714468479
2447_0.83_1.03.png,45.47878646850586,45.35325622558594,-0.12553024291992188,0.995903491973877,0.995943546295166,4.00543212890625e-05,0.02438187599182129,0.03778791427612305,none,,False,0.5669941306114197,0.012134896591305733,,,1.0,,,,,,,,,,,,,,,,,,,,,,,,,,,,,,,,,,,,,,,,,,,fallback,2447_0.83_1.03.png,True,0.5669941306114197,0.012134896591305733,1.9350862503051758,1.0449587106704712,1.0,0.5194788575172424,0.5561361312866211,0.5403658151626587,0.1983947902917862,0.003686954965814948,0.013282818719744682,0.0073713199235498905,0.45270660519599915,0.4825766384601593,0.4749014377593994,0.18362100422382355,0.0012948110233992338,0.0008761051576584578,0.0004258974513504654,0.5229553580284119,0.17317406833171844,0.2211790829896927,0.055653151124715805,0.9542372822761536,0.9592055082321167,0.012668139301240444,0.9546189308166504,0.9556457996368408,0.00353988423012197,0.9520658850669861,0.9522143006324768,0.0014482472324743867,0.0,0.0009653377928771079,0.012815304100513458,6.510416824312415e-06,0.01807568036019802,0.9502462148666382,0.07128026336431503,0.21944944560527802,7.114720688150555e-07,7.114720688150555e-07,0.22090861201286316,0.0009653377928771079,0.012815304100513458,6.597606350133844e-10,0.02265254594385624
2473_0.73_1.45.png,41.3646354675293,41.45412063598633,0.08948516845703125,0.9953886866569519,0.9954915046691895,0.00010281801223754883,0.02463054656982422,0.04087519645690918,none,,False,0.5421860814094543,0.0102861188352108,,,1.0,,,,,,,,,,,,,,,,,,,,,,,,,,,,,,,,,,,,,,,,,,,fallback,2473_0.73_1.45.png,True,0.5421860814094543,0.0102861188352108,1.7797825336456299,0.9269837737083435,1.0,0.5226564407348633,0.5569579601287842,0.5435296297073364,0.20246075093746185,0.0037332233041524887,0.01382302027195692,0.007683448027819395,0.45577409863471985,0.4815397560596466,0.47812408208847046,0.18462643027305603,0.0012870864011347294,0.0008479644311591983,0.00041317479917779565,0.5089690089225769,0.17701517045497894,0.23773056268692017,0.05367862060666084,0.9544368982315063,0.961286187171936,0.013355223461985588,0.9546350240707397,0.9566670656204224,0.003525370731949806,0.9520679116249084,0.9522368907928467,0.0014412743039429188,0.0,0.0009376693051308393,0.011708041653037071,0.00011067708692280576,0.018474655225872993,0.9502707123756409,0.07339207828044891,0.1892596185207367,7.696938837398193e-07,7.696938837398193e-07,0.23751765489578247,0.0009376693051308393,0.011708041653037071,7.953631087076474e-10,0.024619417265057564
2475_0.92_1.34.png,39.940372467041016,39.989356994628906,0.048984527587890625,0.9945069551467896,0.9946348071098328,0.0001278519630432129,0.024396419525146484,0.036089420318603516,none,,False,0.5803793668746948,0.01053790282458067,,,1.0,,,,,,,,,,,,,,,,,,,,,,,,,,,,,,,,,,,,,,,,,,,fallback,2475_0.92_1.34.png,True,0.5803793668746948,0.01053790282458067,1.7683569192886353,0.9028910994529724,1.0,0.5229480862617493,0.5569577217102051,0.543828010559082,0.19184443354606628,0.0037387991324067116,0.013834103010594845,0.0077104330994188786,0.45612865686416626,0.4815189242362976,0.4784960150718689,0.1836070716381073,0.0012882534647360444,0.0008503959979861975,0.00041487024282105267,0.5480356216430664,0.16220411658287048,0.21811534464359283,0.050089024007320404,0.954530656337738,0.9613136053085327,0.013310080394148827,0.9546168446540833,0.9566424489021301,0.003493604715913534,0.9520668983459473,0.9522454142570496,0.001453652512282133,0.0,0.0008505278965458274,0.00957437139004469,0.0,0.017051277682185173,0.9502443671226501,0.06900851428508759,0.1922987997531891,5.750907803303562e-07,5.750907803303562e-07,0.21790219843387604,0.0008505278965458274,0.00957437139004469,5.422670090737824e-10,0.024314548820257187
2476_0.67_0.56.png,46.31077194213867,45.64128112792969,-0.6694908142089844,0.9983224272727966,0.9982573390007019,-6.508827209472656e-05,0.024402141571044922,0.040770530700683594,none,,False,0.5151299238204956,0.011725325137376785,,,1.0,,,,,,,,,,,,,,,,,,,,,,,,,,,,,,,,,,,,,,,,,,,fallback,2476_0.67_0.56.png,True,0.5151299238204956,0.011725325137376785,1.710219383239746,0.9213206768035889,1.0,0.5248757004737854,0.5569895505905151,0.5456960201263428,0.19432558119297028,0.0038546158466488123,0.014558103866875172,0.008180628530681133,0.4561907947063446,0.48144298791885376,0.4785667061805725,0.1812223196029663,0.001286919228732586,0.0008473789785057306,0.0004166174039710313,0.6543763279914856,0.12408840656280518,0.20763254165649414,0.04959995299577713,0.9548901319503784,0.9614550471305847,0.01660752110183239,0.9546570181846619,0.9562704563140869,0.0039336164481937885,0.9520679116249084,0.9522421956062317,0.001427941140718758,0.0,0.0011798227205872536,0.011870172806084156,6.510417006211355e-05,0.019155781716108322,0.9503815174102783,0.08468133211135864,0.19337308406829834,6.639562002419552e-07,6.639562002419552e-07,0.2073901742696762,0.0011798227205872536,0.011870172806084156,9.452215676830633e-10,0.02438369393348694
247_0.55_1.81.png,34.94672393798828,34.71351623535156,-0.23320770263671875,0.9973494410514832,0.9972371459007263,-0.00011229515075683594,0.017522335052490234,0.02671504020690918,none,,False,0.5549406409263611,0.026562398299574852,,,0.9947712421417236,,,,,,,,,,,,,,,,,,,,,,,,,,,,,,,,,,,,,,,,,,,fallback,247_0.55_1.81.png,True,0.5549406409263611,0.026562398299574852,1.7666949033737183,1.5347611904144287,0.9947712421417236,0.49609094858169556,0.5532609224319458,0.5172239542007446,0.1674492210149765,0.004176068119704723,0.01300782710313797,0.006805086974054575,0.4375377595424652,0.48486587405204773,0.45893028378486633,0.15900354087352753,0.0014839458744972944,0.001350612030364573,0.0006239915383048356,0.37480512261390686,0.2624623477458954,0.2916196286678314,0.08274708688259125,0.9538261890411377,0.9618735313415527,0.01099538803100586,0.954521894454956,0.9555134177207947,0.003312672022730112,0.9520519375801086,0.9522958993911743,0.0014541695127263665,0.0,0.0011752743739634752,0.05997784435749054,0.00446676230058074,0.020930539816617966,0.9502333998680115,0.07457946240901947,0.21530987322330475,7.585003913845867e-07,7.585003913845867e-07,0.2914070785045624,0.0011752743739634752,0.05997784435749054,1.3892108574609097e-09,0.024940796196460724
2480_0.85_1.87.png,39.44792556762695,39.976600646972656,0.5286750793457031,0.9924381971359253,0.992663562297821,0.00022536516189575195,0.024426698684692383,0.039145708084106445,none,,False,0.6209027767181396,0.008941401727497578,,,1.0,,,,,,,,,,,,,,,,,,,,,,,,,,,,,,,,,,,,,,,,,,,fallback,2480_0.85_1.87.png,True,0.6209027767181396,0.008941401727497578,1.9164036512374878,1.3254014253616333,1.0,0.5268401503562927,0.555359423160553,0.5477610230445862,0.20532441139221191,0.0038552682381123304,0.014436488039791584,0.007990112528204918,0.4604085385799408,0.48178261518478394,0.4829885959625244,0.18888114392757416,0.0012942523462697864,0.0008574242820031941,0.0004179335664957762,0.28968945145606995,0.1878589689731598,0.2846287488937378,0.059954624623060226,0.9537988305091858,0.9600228667259216,0.010974098928272724,0.9545364379882812,0.9569048881530762,0.0031784186139702797,0.952069103717804,0.9522371888160706,0.0015356031944975257,0.0,0.0004245626914780587,0.010852659121155739,1.627604251552839e-05,0.014607046730816364,0.950067400932312,0.048492006957530975,0.13431939482688904,9.78949060481682e-07,9.78949060481682e-07,0.2844636142253876,0.0004245626914780587,0.010852659121155739,4.3712697350706264e-10,0.024697525426745415
2481_0.62_0.87.png,43.154052734375,43.49263000488281,0.3385772705078125,0.9985700845718384,0.9986134767532349,4.3392181396484375e-05,0.02482318878173828,0.04071927070617676,none,,False,0.4960576593875885,0.01914667710661888,,,1.0,,,,,,,,,,,,,,,,,,,,,,,,,,,,,,,,,,,,,,,,,,,fallback,2481_0.62_0.87.png,True,0.4960576593875885,0.01914667710661888,2.400320529937744,1.6428722143173218,1.0,0.5125465989112854,0.5563646554946899,0.5337013602256775,0.20379933714866638,0.003649153746664524,0.012167333625257015,0.006657951045781374,0.45494043827056885,0.4849492311477661,0.4772171676158905,0.18576480448246002,0.0013528220588341355,0.0010025914525613189,0.00048435182543471456,0.5186721086502075,0.18398882448673248,0.2505000829696655,0.05618111789226532,0.9542479515075684,0.959400475025177,0.0149977533146739,0.9546101093292236,0.956089973449707,0.0036921128630638123,0.952058732509613,0.9522036910057068,0.0014247067738324404,0.0,0.0011252508265897632,0.012659221887588501,9.765624781721272e-06,0.020442906767129898,0.9503207802772522,0.08097445219755173,0.20248545706272125,7.782763873365184e-07,7.782763873365184e-07,0.25020503997802734,0.0011252508265897632,0.012659221887588501,9.490118690891336e-10,0.02462170086801052
2484_0.94_1.7.png,36.60972213745117,36.69135665893555,0.081634521484375,0.9942449331283569,0.9942371249198914,-7.808208465576172e-06,0.04950761795043945,0.03621172904968262,none,,False,0.6342732906341553,0.015201365575194359,,,1.0,,,,,,,,,,,,,,,,,,,,,,,,,,,,,,,,,,,,,,,,,,,fallback,2484_0.94_1.7.png,True,0.6342732906341553,0.015201365575194359,2.3821778297424316,1.6611921787261963,1.0,0.5136243104934692,0.5562592148780823,0.5347718596458435,0.2086058408021927,0.003673344850540161,0.012384610250592232,0.0067612603306770325,0.4553610384464264,0.484805166721344,0.4776604175567627,0.19319628179073334,0.0013499439228326082,0.000993794878013432,0.0004784251796081662,0.4027480185031891,0.2197488248348236,0.2609085142612457,0.06084967777132988,0.953853189945221,0.95960932970047,0.013164193369448185,0.9544861316680908,0.9563267827033997,0.0033181016333401203,0.9520586133003235,0.9522321224212646,0.0014970540069043636,0.0,0.000714643916580826,0.011313611641526222,6.510416824312415e-06,0.01587005704641342,0.9500989317893982,0.057387784123420715,0.20180341601371765,7.467159548468771e-07,7.467159548468771e-07,0.2606608271598816,0.000714643916580826,0.011313611641526222,5.147073323108486e-10,0.024425696581602097
2486_0.73_1.35.png,42.47654342651367,42.969451904296875,0.4929084777832031,0.9969190955162048,0.9969449043273926,2.580881118774414e-05,0.029399633407592773,0.04097771644592285,none,,False,0.5077016353607178,0.01387718878686428,,,1.0,,,,,,,,,,,,,,,,,,,,,,,,,,,,,,,,,,,,,,,,,,,fallback,2486_0.73_1.35.png,True,0.5077016353607178,0.01387718878686428,2.105020046234131,1.1064774990081787,1.0,0.5177758932113647,0.5570818185806274,0.538757860660553,0.2044878900051117,0.0036167821381241083,0.012414975091814995,0.006849386263638735,0.45523884892463684,0.4821561872959137,0.4775499999523163,0.18484847247600555,0.0013123119715601206,0.0009281833190470934,0.00044781508040614426,0.5194404125213623,0.2146800458431244,0.2520906627178192,0.05397002026438713,0.9541854858398438,0.9603551626205444,0.014315204694867134,0.9545367956161499,0.9558926224708557,0.003639055183157325,0.9520637392997742,0.9522063136100769,0.0014338811160996556,0.0,0.0007850167457945645,0.012422511354088783,3.2552084121562075e-06,0.01802019588649273,0.9502671957015991,0.07041864097118378,0.13362041115760803,8.396133353016921e-07,8.396133353016921e-07,0.2518267333507538,0.0007850167457945645,0.012422511354088783,7.329594153837604e-10,0.024311430752277374
2489_0.62_1.9.png,37.882728576660156,38.364654541015625,0.48192596435546875,0.9919867515563965,0.9922690391540527,0.00028228759765625,0.029892683029174805,0.03781580924987793,none,,False,0.5312421917915344,0.010677862912416458,,,0.9986928701400757,,,,,,,,,,,,,,,,,,,,,,,,,,,,,,,,,,,,,,,,,,,fallback,2489_0.62_1.9.png,True,0.5312421917915344,0.010677862912416458,1.9525071382522583,1.2032214403152466,0.9986928701400757,0.5211606025695801,0.5568132400512695,0.5419229865074158,0.22775578498840332,0.003961533773690462,0.014551747590303421,0.00795069895684719,0.45265820622444153,0.4826752841472626,0.4748596251010895,0.216891810297966,0.0013053212314844131,0.00092117371968925,0.0004379659949336201,0.2210656851530075,0.1587628424167633,0.3360912799835205,0.05827425792813301,0.9535913467407227,0.9594197869300842,0.01289901603013277,0.9544549584388733,0.9561068415641785,0.0034084836952388287,0.952067494392395,0.9522538781166077,0.0015133455162867904,0.0,0.0005226628854870796,0.016908863559365273,0.00048502604477107525,0.017158200964331627,0.9500652551651001,0.05205193907022476,0.11232253164052963,1.137702383857686e-06,1.137702383857686e-06,0.335931658744812,0.0005226628854870796,0.016908863559365273,8.668377682319317e-10,0.024732794612646103
2490_0.71_1.73.png,37.87931442260742,38.29331970214844,0.4140052795410156,0.9921414256095886,0.992340087890625,0.00019866228103637695,0.02974557876586914,0.041007280349731445,none,,False,0.5704142451286316,0.011350415647029877,,,0.9986928701400757,,,,,,,,,,,,,,,,,,,,,,,,,,,,,,,,,,,,,,,,,,,fallback,2490_0.71_1.73.png,True,0.5704142451286316,0.011350415647029877,1.9438358545303345,1.1753987073898315,0.9986928701400757,0.5213741064071655,0.556827187538147,0.5421426296234131,0.2212146669626236,0.003955761902034283,0.014551605097949505,0.007960857823491096,0.45236843824386597,0.4825844466686249,0.4745557904243469,0.2193983942270279,0.0013043656945228577,0.0009184116497635841,0.00043735397048294544,0.24130162596702576,0.1644049435853958,0.3255157470703125,0.05708561837673187,0.9535652995109558,0.9597825407981873,0.012829913757741451,0.9544593691825867,0.9564696550369263,0.0033088678028434515,0.952067494392395,0.9522449970245361,0.00153228803537786,0.0,0.00042619911255314946,0.013214982114732265,9.765624781721272e-06,0.015428731217980385,0.9500257968902588,0.04731844738125801,0.11158929020166397,1.1064482805522857e-06,1.1064482805522857e-06,0.32534873485565186,0.00042619911255314946,0.013214982114732265,6.255087003914639e-10,0.024736277759075165
2492_0.78_0.93.png,40.52829360961914,40.81402587890625,0.2857322692871094,0.9958698749542236,0.9959418177604675,7.194280624389648e-05,0.027276039123535156,0.03780984878540039,none,,False,0.5254517197608948,0.01563013345003128,,,0.9973856806755066,,,,,,,,,,,,,,,,,,,,,,,,,,,,,,,,,,,,,,,,,,,fallback,2492_0.78_0.93.png,True,0.5254517197608948,0.01563013345003128,2.0144288539886475,1.1437492370605469,0.9973856806755066,0.5214148163795471,0.556857705116272,0.5421918630599976,0.21486929059028625,0.003931302111595869,0.01450987346470356,0.007972931489348412,0.4516596496105194,0.48285579681396484,0.47381216287612915,0.20205500721931458,0.0013007852248847485,0.0009072888060472906,0.0004354309639893472,0.39549729228019714,0.16111430525779724,0.27895587682724,0.05104858800768852,0.9538568258285522,0.9596074223518372,0.012879441492259502,0.9545753002166748,0.9559991955757141,0.0035794866271317005,0.9520664811134338,0.9521971344947815,0.0014949144097045064,0.0,0.0005628493381664157,0.011430595070123672,3.2552084121562075e-06,0.016193149611353874,0.9501419067382812,0.05766443908214569,0.12313395738601685,9.212643021783151e-07,9.212643021783151e-07,0.2787252962589264,0.0005628493381664157,0.011430595070123672,6.272852237643178e-10,0.024652689695358276
2493_0.8_0.66.png,42.60591506958008,42.39986038208008,-0.2060546875,0.997430682182312,0.9975335597991943,0.00010287761688232422,0.02443075180053711,0.04078364372253418,none,,False,0.4964076280593872,0.01202245894819498,,,1.0,,,,,,,,,,,,,,,,,,,,,,,,,,,,,,,,,,,,,,,,,,,fallback,2493_0.8_0.66.png,True,0.4964076280593872,0.01202245894819498,2.5212178230285645,2.3806779384613037,1.0,0.5210105180740356,0.5568459630012512,0.5421518683433533,0.2057453691959381,0.004349897149950266,0.01563963294029236,0.008657497353851795,0.45860719680786133,0.4850062429904938,0.4810720980167389,0.19073611497879028,0.0014064628630876541,0.0011216687271371484,0.000544270034879446,0.5297356247901917,0.20828410983085632,0.232744500041008,0.054424088448286057,0.9545041918754578,0.962030291557312,0.014844491146504879,0.9545984864234924,0.9556061625480652,0.00398644944652915,0.9520607590675354,0.9523381590843201,0.0015192024875432253,0.0,0.0010635742219164968,0.013911428861320019,6.510416824312415e-06,0.019036291167140007,0.9503114223480225,0.07768677920103073,0.17144930362701416,8.000863545021275e-07,8.000863545021275e-07,0.2324923723936081,0.0010635742219164968,0.013911428861320019,8.361126235811867e-10,0.024483278393745422
2498_0.54_1.1.png,44.89303207397461,44.69841003417969,-0.19462203979492188,0.9983167052268982,0.9983274340629578,1.0728836059570312e-05,0.027127504348754883,0.03783869743347168,none,,False,0.42252117395401,0.008433733135461807,,,0.9790849685668945,,,,,,,,,,,,,,,,,,,,,,,,,,,,,,,,,,,,,,,,,,,fallback,2498_0.54_1.1.png,True,0.42252117395401,0.008433733135461807,2.8921287059783936,3.021336317062378,0.9790849685668945,0.5251533389091492,0.5570597648620605,0.5462807416915894,0.17275173962116241,0.004474422428756952,0.016570283100008965,0.009054516442120075,0.46214234828948975,0.48504701256752014,0.484782874584198,0.16422626376152039,0.0014147215988487005,0.0011154904495924711,0.0005441324901767075,0.4329484701156616,0.19574762880802155,0.25865480303764343,0.06220553442835808,0.954135537147522,0.9610397815704346,0.012293162755668163,0.9545526504516602,0.9560621380805969,0.004396752454340458,0.9520670771598816,0.9522766470909119,0.0015487757045775652,0.0,0.0011873702751472592,0.02637687884271145,0.0017480469541624188,0.021554868668317795,0.950334370136261,0.07931698113679886,0.21412497758865356,1.2214643447805429e-06,1.2214643447805429e-06,0.25845471024513245,0.0011873702751472592,0.02637687884271145,1.349924061422314e-09,0.02477942407131195
2499_0.55_0.8.png,46.56526184082031,45.6116828918457,-0.9535789489746094,0.9987916350364685,0.9987491369247437,-4.2498111724853516e-05,0.028380393981933594,0.040778160095214844,none,,False,0.4148689806461334,0.009144619107246399,,,0.9843137264251709,,,,,,,,,,,,,,,,,,,,,,,,,,,,,,,,,,,,,,,,,,,fallback,2499_0.55_0.8.png,True,0.4148689806461334,0.009144619107246399,2.897562265396118,3.068561553955078,0.9843137264251709,0.5254123210906982,0.556986927986145,0.5465325117111206,0.17260952293872833,0.004487608093768358,0.01665065810084343,0.009121259674429893,0.46214690804481506,0.48508235812187195,0.4847884178161621,0.16404715180397034,0.0014145472086966038,0.0011155522661283612,0.0005457011866383255,0.49644798040390015,0.17734964191913605,0.2453056424856186,0.060350578278303146,0.954254150390625,0.9609593152999878,0.012505712918937206,0.9545996189117432,0.9560077786445618,0.0044493647292256355,0.9520660638809204,0.9522560238838196,0.0015354538336396217,0.0,0.001255498151294887,0.023118652403354645,0.0015364583814516664,0.021596737205982208,0.9503591060638428,0.08339261263608932,0.2148619145154953,1.1133828365927911e-06,1.1133828365927911e-06,0.24508817493915558,0.001255498151294887,0.023118652403354645,1.3075985849653193e-09,0.024754757061600685
249_0.65_1.99.png,38.93490219116211,38.901641845703125,-0.033260345458984375,0.9933953285217285,0.993342399597168,-5.2928924560546875e-05,0.0175783634185791,0.024713993072509766,none,,False,0.6436211466789246,0.01029214821755886,,,0.9960784316062927,,,,,,,,,,,,,,,,,,,,,,,,,,,,,,,,,,,,,,,,,,,fallback,249_0.65_1.99.png,True,0.6436211466789246,0.01029214821755886,2.8745648860931396,3.791835069656372,0.9960784316062927,0.5203462243080139,0.555850088596344,0.5414898991584778,0.16677401959896088,0.004573463927954435,0.016413236036896706,0.00879646372050047,0.45896685123443604,0.4848698377609253,0.48144230246543884,0.15846186876296997,0.0014540806878358126,0.0012318766675889492,0.0005911171901971102,0.20561537146568298,0.23253090679645538,0.33180439472198486,0.09309408813714981,0.9533268809318542,0.9610143899917603,0.012233012355864048,0.9544775485992432,0.9555476903915405,0.004017801955342293,0.9520600438117981,0.9522992372512817,0.0015741349197924137,0.0,0.0008121910504996777,0.07113643735647202,0.004102718085050583,0.01586013101041317,0.9499422907829285,0.05033870041370392,0.22493405640125275,1.079355342881172e-06,1.079355342881172e-06,0.3316643536090851,0.0008121910504996777,0.07113643735647202,1.4007895954293303e-09,0.0249217189848423
2501_0.53_1.76.png,43.889259338378906,43.56758117675781,-0.32167816162109375,0.9977211356163025,0.9976791739463806,-4.1961669921875e-05,0.02701854705810547,0.0379488468170166,none,,False,0.4807405471801758,0.009264472872018814,,,0.9986928701400757,,,,,,,,,,,,,,,,,,,,,,,,,,,,,,,,,,,,,,,,,,,fallback,2501_0.53_1.76.png,True,0.4807405471801758,0.009264472872018814,2.1047585010528564,1.0652109384536743,0.9986928701400757,0.526235044002533,0.5561747550964355,0.5471424460411072,0.21069583296775818,0.003834374947473407,0.01438168901950121,0.008018678054213524,0.45955151319503784,0.48170381784439087,0.48208945989608765,0.20030157268047333,0.0012908178614452481,0.0008484320132993162,0.0004161247634328902,0.5145271420478821,0.1727924644947052,0.25050604343414307,0.060654010623693466,0.9544271230697632,0.9604318737983704,0.013642821460962296,0.9546170234680176,0.9558510184288025,0.003675193525850773,0.9520695209503174,0.9522129893302917,0.0014404145767912269,0.0,0.0009422316215932369,0.016544349491596222,0.000706380233168602,0.01931801438331604,0.9503191709518433,0.07584377378225327,0.17428183555603027,9.388097055307298e-07,9.388097055307298e-07,0.2502862811088562,0.0009422316215932369,0.016544349491596222,1.018316098111427e-09,0.024724049493670464
2502_0.94_1.08.png,40.53169250488281,39.7529296875,-0.7787628173828125,0.9972023367881775,0.9971271753311157,-7.516145706176758e-05,0.028395414352416992,0.04100942611694336,none,,False,0.5306340456008911,0.010038541629910469,,,1.0,,,,,,,,,,,,,,,,,,,,,,,,,,,,,,,,,,,,,,,,,,,fallback,2502_0.94_1.08.png,True,0.5306340456008911,0.010038541629910469,2.198504686355591,1.00525963306427,1.0,0.5257819890975952,0.5562809705734253,0.5467896461486816,0.193557009100914,0.0037183817476034164,0.013746595941483974,0.007687475066632032,0.4607573449611664,0.4817940890789032,0.48334911465644836,0.1912144273519516,0.0012901003938168287,0.0008389873546548188,0.0004148431762587279,0.6093291640281677,0.1567220389842987,0.20806312561035156,0.050311408936977386,0.9546110033988953,0.9607039093971252,0.013927767984569073,0.9546394348144531,0.9558415412902832,0.00374407134950161,0.9520666599273682,0.9522131085395813,0.0014437827048823237,0.0,0.000861684384290129,0.01475466974079609,9.765624781721272e-06,0.01737716794013977,0.9503027200698853,0.0729350820183754,0.18227380514144897,5.588679528045759e-07,5.588679528045759e-07,0.20782344043254852,0.000861684384290129,0.01475466974079609,5.457152507659657e-10,0.023755332455039024
2512_0.6_1.28.png,45.492713928222656,44.534297943115234,-0.9584159851074219,0.9980374574661255,0.9979919195175171,-4.553794860839844e-05,0.029718637466430664,0.038504600524902344,none,,False,0.48637494444847107,0.009012503549456596,,,0.9895424842834473,,,,,,,,,,,,,,,,,,,,,,,,,,,,,,,,,,,,,,,,,,,fallback,2512_0.6_1.28.png,True,0.48637494444847107,0.009012503549456596,2.633618116378784,0.9380888342857361,0.9895424842834473,0.5066416263580322,0.5561174154281616,0.5283485054969788,0.20870226621627808,0.0033376412466168404,0.00887101050466299,0.004809400532394648,0.4610127806663513,0.48452049493789673,0.48354965448379517,0.19154717028141022,0.0014200089499354362,0.0011690123938024044,0.0005731656565330923,0.5470619797706604,0.19137820601463318,0.240028515458107,0.0694432407617569,0.9543917179107666,0.9595161080360413,0.013631830923259258,0.9545669555664062,0.9564144611358643,0.0036878257524222136,0.9520513415336609,0.9522271752357483,0.0013912604190409184,0.0,0.0015855556121096015,0.013154507614672184,0.0003124999930150807,0.02359631285071373,0.9503669738769531,0.09253603219985962,0.2111397236585617,5.878400770598091e-07,5.878400770598091e-07,0.23978912830352783,0.0015855556121096015,0.013154507614672184,9.003282563924131e-10,0.023842694237828255
2521_0.66_1.08.png,43.452301025390625,43.71781921386719,0.2655181884765625,0.998511791229248,0.9985200762748718,8.285045623779297e-06,0.02865457534790039,0.04110074043273926,none,,False,0.5721875429153442,0.008550906553864479,,,1.0,,,,,,,,,,,,,,,,,,,,,,,,,,,,,,,,,,,,,,,,,,,fallback,2521_0.66_1.08.png,True,0.5721875429153442,0.008550906553864479,2.7562766075134277,2.3287699222564697,1.0,0.5151012539863586,0.5562117695808411,0.5365752577781677,0.2099694162607193,0.004298734944313765,0.014374257996678352,0.00791726354509592,0.46322932839393616,0.48486167192459106,0.48589012026786804,0.199601411819458,0.0014725171495229006,0.0012668210547417402,0.0006183927180245519,0.4957462549209595,0.2534492611885071,0.2516184151172638,0.058457840234041214,0.954388439655304,0.9598326086997986,0.015701064839959145,0.9545894861221313,0.956182062625885,0.004005332011729479,0.952058732509613,0.9522199034690857,0.0015041969018056989,0.0,0.0009504924528300762,0.012190432287752628,9.765624781721272e-06,0.019330842420458794,0.9503399729728699,0.0749070793390274,0.1695457100868225,9.590515901436447e-07,9.590515901436447e-07,0.25140807032585144,0.0009504924528300762,0.012190432287752628,7.651516087392451e-10,0.024299215525388718
2524_0.76_1.23.png,42.80281448364258,43.105621337890625,0.3028068542480469,0.9982666373252869,0.9982637166976929,-2.9206275939941406e-06,0.02441692352294922,0.038472652435302734,none,,False,0.5992465615272522,0.008259393274784088,,,1.0,,,,,,,,,,,,,,,,,,,,,,,,,,,,,,,,,,,,,,,,,,,fallback,2524_0.76_1.23.png,True,0.5992465615272522,0.008259393274784088,2.7397711277008057,2.328193187713623,1.0,0.5147667527198792,0.5559576153755188,0.5362455248832703,0.2088884562253952,0.004309327807277441,0.014398095197975636,0.007910959422588348,0.46293947100639343,0.48477375507354736,0.48558509349823,0.19740045070648193,0.0014752460410818458,0.001273061498068273,0.0006209223065525293,0.4764802157878876,0.2554302513599396,0.25327441096305847,0.059042301028966904,0.95427006483078,0.9599460959434509,0.015276768244802952,0.9545686841011047,0.9560947418212891,0.0038939297664910555,0.9520583152770996,0.9522168040275574,0.0015176062006503344,0.0,0.0008695722790434957,0.011653250083327293,9.765624781721272e-06,0.018423156812787056,0.9502967596054077,0.07031560689210892,0.1704396903514862,9.921558330461266e-07,9.921558330461266e-07,0.2530685365200043,0.0008695722790434957,0.011653250083327293,6.57103760293154e-10,0.024273885414004326
2525_0.79_1.85.png,30.274280548095703,30.298309326171875,0.024028778076171875,0.9947762489318848,0.9948132038116455,3.695487976074219e-05,0.02585124969482422,0.04081130027770996,none,,False,0.5709864497184753,0.005018653813749552,,,1.0,,,,,,,,,,,,,,,,,,,,,,,,,,,,,,,,,,,,,,,,,,,fallback,2525_0.79_1.85.png,True,0.5709864497184753,0.005018653813749552,1.9354140758514404,1.5332926511764526,1.0,0.5247246623039246,0.5570206642150879,0.5461110472679138,0.2072480171918869,0.0043670423328876495,0.015163660049438477,0.008590704761445522,0.46814727783203125,0.4839519262313843,0.4910704791545868,0.19242919981479645,0.0014421041123569012,0.0012071256060153246,0.0005896930815652013,0.4603412449359894,0.3288048207759857,0.2726188600063324,0.08454366028308868,0.9546469449996948,0.9608436226844788,0.017771296203136444,0.9545766711235046,0.9558076858520508,0.004366747569292784,0.9520627856254578,0.952262282371521,0.0015287981368601322,0.0,0.0009382228017784655,0.02608286216855049,0.0002539062697906047,0.018716517835855484,0.9504345059394836,0.0760132372379303,0.17692774534225464,1.4561009038516204e-06,1.4561009038516204e-06,0.272478848695755,0.0009382228017784655,0.02608286216855049,1.5930656793727849e-09,0.024815190583467484
2529_0.77_0.68.png,48.451942443847656,49.272884368896484,0.8209419250488281,0.997931957244873,0.9980465769767761,0.00011461973190307617,0.02829766273498535,0.03791689872741699,none,,False,0.42643460631370544,0.01534888707101345,,,1.0,,,,,,,,,,,,,,,,,,,,,,,,,,,,,,,,,,,,,,,,,,,fallback,2529_0.77_0.68.png,True,0.42643460631370544,0.01534888707101345,2.165931463241577,1.9040184020996094,1.0,0.5220465660095215,0.5519392490386963,0.5431923270225525,0.20618638396263123,0.0037812008522450924,0.013275274075567722,0.007376629859209061,0.46119335293769836,0.4837076961994171,0.4837919771671295,0.187389075756073,0.0013322517042979598,0.0009445878094993532,0.0004670224734582007,0.5899147391319275,0.15817895531654358,0.20461024343967438,0.05407744273543358,0.9544445276260376,0.9596654176712036,0.013532891869544983,0.9546626806259155,0.9559226036071777,0.003872166620567441,0.9520617127418518,0.9522507190704346,0.0014498141827061772,0.0,0.0014366221148520708,0.018364204093813896,3.255208503105678e-05,0.021380284801125526,0.950351357460022,0.09087716042995453,0.21126961708068848,6.542294954670069e-07,6.542294954670069e-07,0.2043028026819229,0.0014366221148520708,0.018364204093813896,1.0193186295026635e-09,0.02245250903069973
252_0.98_1.73.png,37.26045227050781,37.32212829589844,0.061676025390625,0.9914423227310181,0.9914509654045105,8.64267349243164e-06,0.017606258392333984,0.027374982833862305,none,,False,0.7273684740066528,0.009900588542222977,,,0.9986928701400757,,,,,,,,,,,,,,,,,,,,,,,,,,,,,,,,,,,,,,,,,,,fallback,252_0.98_1.73.png,True,0.7273684740066528,0.009900588542222977,2.8988187313079834,3.786627769470215,0.9986928701400757,0.520044207572937,0.5556817650794983,0.5412065982818604,0.1668119728565216,0.004558311775326729,0.016309065744280815,0.008802440017461777,0.4590999484062195,0.4847925901412964,0.4815804958343506,0.15851706266403198,0.001455214573070407,0.0012330643367022276,0.0005940389237366617,0.21691296994686127,0.22230549156665802,0.2790679633617401,0.057520609349012375,0.9532791972160339,0.9586766958236694,0.0122002512216568,0.9545041918754578,0.9557722210884094,0.0042109801433980465,0.952060878276825,0.9522742629051208,0.001616213470697403,0.0,0.0007677018293179572,0.07602427154779434,0.004564996343106031,0.014710077084600925,0.9498886466026306,0.04532690346240997,0.2293948531150818,1.3261031881484087e-06,1.3261031881484087e-06,0.27891805768013,0.0007677018293179572,0.07602427154779434,1.4579463192276876e-09,0.024925611913204193
2530_0.54_0.81.png,49.429481506347656,50.34218215942383,0.9127006530761719,0.9978925585746765,0.9981340169906616,0.00024145841598510742,0.027637958526611328,0.04098653793334961,none,,False,0.39634475111961365,0.014963636174798012,,,1.0,,,,,,,,,,,,,,,,,,,,,,,,,,,,,,,,,,,,,,,,,,,fallback,2530_0.54_0.81.png,True,0.39634475111961365,0.014963636174798012,2.1726555824279785,1.9007312059402466,1.0,0.5223748683929443,0.5521854162216187,0.5435027480125427,0.20551720261573792,0.0037941918708384037,0.013373163528740406,0.007433178834617138,0.4611496031284332,0.48360711336135864,0.48374757170677185,0.1822207272052765,0.001330511993728578,0.0009414072846993804,0.00046460371231660247,0.5630174875259399,0.1671876162290573,0.2166832834482193,0.05552425608038902,0.9544463157653809,0.9595313668251038,0.013799731619656086,0.9546366333961487,0.9562072157859802,0.003870916087180376,0.9520624876022339,0.9522523283958435,0.001442069304175675,0.0,0.0015368560561910272,0.018574612215161324,0.0006608073017559946,0.022727763280272484,0.9503746032714844,0.09508901089429855,0.20740139484405518,8.061091421041056e-07,8.061091421041056e-07,0.2163832187652588,0.0015368560561910272,0.018574612215161324,1.3464698245257978e-09,0.02258116938173771
2531_0.93_0.69.png,46.44691467285156,47.112674713134766,0.6657600402832031,0.9975937604904175,0.9977285265922546,0.0001347661018371582,0.028285980224609375,0.03851819038391113,none,,False,0.45166802406311035,0.015306352637708187,,,1.0,,,,,,,,,,,,,,,,,,,,,,,,,,,,,,,,,,,,,,,,,,,fallback,2531_0.93_0.69.png,True,0.45166802406311035,0.015306352637708187,2.1509628295898438,1.9038047790527344,1.0,0.5218685865402222,0.5517404079437256,0.543022096157074,0.20622462034225464,0.0037722275592386723,0.01322221104055643,0.007355018053203821,0.46116048097610474,0.4837067127227783,0.48375698924064636,0.18789803981781006,0.0013324517058208585,0.0009444723837077618,0.00046733266208320856,0.5942363739013672,0.15776731073856354,0.19146479666233063,0.05009137839078903,0.9544411301612854,0.9600216746330261,0.013326454907655716,0.9546656608581543,0.9557713270187378,0.0038659621495753527,0.9520613551139832,0.9522528648376465,0.001460846047848463,0.0,0.0013542692176997662,0.018383508548140526,2.9296876164153218e-05,0.02052120864391327,0.9503286480903625,0.08718209713697433,0.21467620134353638,5.566515142163553e-07,5.566515142163553e-07,0.1911596655845642,0.0013542692176997662,0.018383508548140526,8.373415849582955e-10,0.022123059257864952
253_0.78_0.73.png,38.11304473876953,38.29029846191406,0.17725372314453125,0.9977318644523621,0.9977900981903076,5.823373794555664e-05,0.017700910568237305,0.026982784271240234,none,,False,0.606598973274231,0.015713628381490707,,,0.9529411792755127,,,,,,,,,,,,,,,,,,,,,,,,,,,,,,,,,,,,,,,,,,,fallback,253_0.78_0.73.png,True,0.606598973274231,0.015713628381490707,1.1863738298416138,1.3835036754608154,0.9529411792755127,0.5150875449180603,0.5553001165390015,0.5361676216125488,0.16694752871990204,0.004248624201864004,0.014227435924112797,0.007879366166889668,0.4526898264884949,0.484298974275589,0.47485798597335815,0.15833249688148499,0.0014341027708724141,0.0012365463189780712,0.000584948982577771,0.34606924653053284,0.265360563993454,0.2718769907951355,0.07005447149276733,0.954106330871582,0.9587984085083008,0.011407247744500637,0.954667866230011,0.9557335376739502,0.0037940049078315496,0.9520610570907593,0.9522290825843811,0.0014643492177128792,0.0,0.0013998437207192183,0.08655671775341034,0.007113304454833269,0.02048722468316555,0.9502295851707458,0.07289211452007294,0.2608714699745178,7.406745794469316e-07,7.406745794469316e-07,0.2717076241970062,0.0013998437207192183,0.08655671775341034,1.6989529783018043e-09,0.024997089058160782
2540_0.76_1.17.png,44.02206039428711,44.41407012939453,0.3920097351074219,0.9960488080978394,0.9961645007133484,0.0001156926155090332,0.02771615982055664,0.04105043411254883,none,,False,0.5210175514221191,0.01597156748175621,,,1.0,,,,,,,,,,,,,,,,,,,,,,,,,,,,,,,,,,,,,,,,,,,fallback,2540_0.76_1.17.png,True,0.5210175514221191,0.01597156748175621,2.331519365310669,1.7246203422546387,1.0,0.5168747305870056,0.5567139983177185,0.5380152463912964,0.20024751126766205,0.0038271613884717226,0.013001475483179092,0.007090024184435606,0.45735180377960205,0.48418667912483215,0.479753315448761,0.19092318415641785,0.0013636619551107287,0.0010429167887195945,0.0005067940219305456,0.47319549322128296,0.227391317486763,0.23618721961975098,0.05478769913315773,0.954023540019989,0.9600447416305542,0.013579132035374641,0.9545029997825623,0.9559959173202515,0.003598232287913561,0.9520610570907593,0.9522164463996887,0.0014940747059881687,0.0,0.0007777599967084825,0.01311984658241272,3.2552084121562075e-06,0.018033741042017937,0.9502406120300293,0.06781390309333801,0.193510502576828,8.259049195658008e-07,8.259049195658008e-07,0.23593807220458984,0.0007777599967084825,0.01311984658241272,6.375401873093267e-10,0.02292535826563835
2541_0.86_1.59.png,44.54615020751953,44.5201416015625,-0.02600860595703125,0.982388973236084,0.9824268221855164,3.784894943237305e-05,0.02830362319946289,0.03845953941345215,none,,False,0.41282764077186584,0.0075594037771224976,,,1.0,,,,,,,,,,,,,,,,,,,,,,,,,,,,,,,,,,,,,,,,,,,fallback,2541_0.86_1.59.png,True,0.41282764077186584,0.0075594037771224976,2.7189273834228516,2.08052396774292,1.0,0.5116415619850159,0.5543798804283142,0.5332107543945312,0.19199080765247345,0.004061886575073004,0.013044617138803005,0.007043835707008839,0.46493372321128845,0.48498350381851196,0.487667053937912,0.19131436944007874,0.0014736136654391885,0.001255801529623568,0.0006203447701409459,0.4086689352989197,0.25298479199409485,0.24326777458190918,0.06536604464054108,0.9535513520240784,0.9602795839309692,0.011639739386737347,0.9543803334236145,0.9557610750198364,0.0038673612289130688,0.9520531296730042,0.9522351622581482,0.0015866751782596111,0.0,0.0013101318618282676,0.020675862208008766,0.00029622396687045693,0.02080700360238552,0.9501946568489075,0.07625700533390045,0.20452146232128143,8.511446480952145e-07,8.511446480952145e-07,0.24304670095443726,0.0013101318618282676,0.020675862208008766,7.188981632211267e-10,0.019397320225834846
2544_0.83_1.21.png,46.085391998291016,46.25703811645508,0.1716461181640625,0.9899243712425232,0.9899874925613403,6.312131881713867e-05,0.02985548973083496,0.04105854034423828,none,,False,0.3565136790275574,0.007983404211699963,,,1.0,,,,,,,,,,,,,,,,,,,,,,,,,,,,,,,,,,,,,,,,,,,fallback,2544_0.83_1.21.png,True,0.3565136790275574,0.007983404211699963,2.7230613231658936,2.0403025150299072,1.0,0.5109881162643433,0.5544102787971497,0.5325636863708496,0.19535845518112183,0.004026311915367842,0.012832078151404858,0.006916755344718695,0.46466004848480225,0.48496711254119873,0.4873790740966797,0.19585558772087097,0.0014719766331836581,0.0012541087344288826,0.0006205474492162466,0.45748820900917053,0.2406323105096817,0.2349373996257782,0.0629986822605133,0.9536952972412109,0.9602662920951843,0.011986471712589264,0.9544363617897034,0.9557420015335083,0.003978386987000704,0.9520515203475952,0.9522189497947693,0.0015473130624741316,0.0,0.0015739750815555453,0.02073117345571518,0.0003613281296566129,0.02306532859802246,0.950271487236023,0.08781766146421432,0.21401306986808777,7.987516710272757e-07,7.987516710272757e-07,0.23470637202262878,0.0015739750815555453,0.02073117345571518,8.694955311305819e-10,0.019234418869018555
2545_0.54_1.41.png,44.338069915771484,43.339290618896484,-0.998779296875,0.9979423880577087,0.9979099035263062,-3.248453140258789e-05,0.029385089874267578,0.037952423095703125,none,,False,0.4385777413845062,0.009111970663070679,,,1.0,,,,,,,,,,,,,,,,,,,,,,,,,,,,,,,,,,,,,,,,,,,fallback,2545_0.54_1.41.png,True,0.4385777413845062,0.009111970663070679,2.2012555599212646,1.4117640256881714,1.0,0.5186773538589478,0.5536583662033081,0.5398470759391785,0.2155901938676834,0.003867451334372163,0.013464130461215973,0.007379325572401285,0.45859649777412415,0.4843599498271942,0.4810609519481659,0.2066611498594284,0.0013534066965803504,0.0009978736052289605,0.0004884013906121254,0.4301111400127411,0.1937582939863205,0.24880336225032806,0.05799403414130211,0.9541139006614685,0.9588527083396912,0.011907522566616535,0.9545129537582397,0.956272542476654,0.00327421841211617,0.9520634412765503,0.9522324800491333,0.0014602328883484006,0.0,0.001313537359237671,0.024896232411265373,0.0006217447808012366,0.022424718365073204,0.9503116607666016,0.08345872163772583,0.21890975534915924,9.352006031804194e-07,9.352006031804194e-07,0.2485785037279129,0.001313537359237671,0.024896232411265373,1.1304577274273697e-09,0.02369113638997078
2546_0.84_0.53.png,46.03616714477539,47.42790222167969,1.3917350769042969,0.9987728595733643,0.9987701773643494,-2.682209014892578e-06,0.024849414825439453,0.04102206230163574,none,,False,0.4534680247306824,0.011055095121264458,,,1.0,,,,,,,,,,,,,,,,,,,,,,,,,,,,,,,,,,,,,,,,,,,fallback,2546_0.84_0.53.png,True,0.4534680247306824,0.011055095121264458,2.185969352722168,1.4212692975997925,1.0,0.5188199877738953,0.5532558560371399,0.5399823784828186,0.20290344953536987,0.00385519047267735,0.01345561072230339,0.007448896765708923,0.4582310616970062,0.4844369888305664,0.4806783199310303,0.18776609003543854,0.0013500986387953162,0.0009896433912217617,0.0004875318263657391,0.6374416351318359,0.12669673562049866,0.20029491186141968,0.04970981925725937,0.9545964598655701,0.9601776003837585,0.014279295690357685,0.954603910446167,0.9558855891227722,0.003687858348712325,0.9520611763000488,0.9522203207015991,0.0014447522116824985,0.0,0.0014766926178708673,0.023729002103209496,2.27864584303461e-05,0.02151842787861824,0.9503796696662903,0.0915270745754242,0.22696617245674133,5.738306754210498e-07,5.738306754210498e-07,0.2000255435705185,0.0014766926178708673,0.023729002103209496,8.484058455771049e-10,0.023494748398661613
2559_0.81_1.96.png,40.18434524536133,40.49644088745117,0.31209564208984375,0.9904200434684753,0.9905053973197937,8.535385131835938e-05,0.02579331398010254,0.03851032257080078,none,,False,0.5366536378860474,0.010380245745182037,,,0.9973856806755066,,,,,,,,,,,,,,,,,,,,,,,,,,,,,,,,,,,,,,,,,,,fallback,2559_0.81_1.96.png,True,0.5366536378860474,0.010380245745182037,2.694162130355835,1.7321131229400635,0.9973856806755066,0.517099916934967,0.5568606853485107,0.5384361147880554,0.17639879882335663,0.003958066925406456,0.013409879058599472,0.007318757474422455,0.4609668552875519,0.48499685525894165,0.48353129625320435,0.17143984138965607,0.0014034019550308585,0.0011022017570212483,0.0005412260652519763,0.39050933718681335,0.2377612292766571,0.2590913474559784,0.06038277968764305,0.9537256360054016,0.9601811170578003,0.013083266094326973,0.9544036984443665,0.9557884335517883,0.0034976478200405836,0.9520589709281921,0.9522746205329895,0.0015337696531787515,0.0,0.0006698592915199697,0.014928294345736504,3.2552084121562075e-06,0.017517119646072388,0.9501907825469971,0.06200925260782242,0.13495062291622162,8.525560701855284e-07,8.525560701855284e-07,0.25887373089790344,0.0006698592915199697,0.014928294345736504,5.369248934350423e-10,0.021548788994550705
2565_0.6_1.17.png,46.57151794433594,46.75115203857422,0.17963409423828125,0.9970201849937439,0.9969081282615662,-0.00011205673217773438,0.028162002563476562,0.04093313217163086,none,,False,0.487947940826416,0.013391468673944473,,,0.9986928701400757,,,,,,,,,,,,,,,,,,,,,,,,,,,,,,,,,,,,,,,,,,,fallback,2565_0.6_1.17.png,True,0.487947940826416,0.013391468673944473,2.1598711013793945,1.240350604057312,0.9986928701400757,0.5181901454925537,0.5531855821609497,0.5392802953720093,0.21469205617904663,0.0035182922147214413,0.011990579776465893,0.006607002578675747,0.4572064280509949,0.48214900493621826,0.47960957884788513,0.20402562618255615,0.0013075150782242417,0.000897900084964931,0.00043932980042882264,0.5146512985229492,0.19650578498840332,0.21852657198905945,0.05292050540447235,0.9543566107749939,0.9602845311164856,0.013271353207528591,0.9546411633491516,0.9564374685287476,0.003634488210082054,0.9520652294158936,0.9522214531898499,0.001433548517525196,0.0,0.0012984508648514748,0.01533170510083437,0.0012662761146202683,0.021565917879343033,0.9503522515296936,0.0862165093421936,0.173146590590477,8.202648587030126e-07,8.202648587030126e-07,0.21828219294548035,0.0012984508648514748,0.01533170510083437,1.1555024714837714e-09,0.02412749081850052
2567_0.52_1.05.png,46.2413330078125,45.02688980102539,-1.2144432067871094,0.9974998235702515,0.9973670244216919,-0.0001327991485595703,0.029890775680541992,0.038372039794921875,none,,False,0.47000807523727417,0.013608431443572044,,,0.9986928701400757,,,,,,,,,,,,,,,,,,,,,,,,,,,,,,,,,,,,,,,,,,,fallback,2567_0.52_1.05.png,True,0.47000807523727417,0.013608431443572044,2.163710355758667,1.2413876056671143,0.9986928701400757,0.5182377099990845,0.5532679557800293,0.5393223166465759,0.2143670618534088,0.003521543927490711,0.012025806121528149,0.006636544596403837,0.4571186304092407,0.48212331533432007,0.47951799631118774,0.20203624665737152,0.001306758145801723,0.0008961979765444994,0.000438865419710055,0.5408037304878235,0.18803171813488007,0.213508740067482,0.05232216790318489,0.9544761180877686,0.9603630304336548,0.014158595353364944,0.9546480774879456,0.9566681981086731,0.003731325501576066,0.9520653486251831,0.9522225260734558,0.0014276312431320548,0.0,0.0014321829658001661,0.016072195023298264,0.001386718824505806,0.0224306583404541,0.9503839612007141,0.09128964692354202,0.1775524914264679,8.368774047085026e-07,8.368774047085026e-07,0.2132595181465149,0.0014321829658001661,0.016072195023298264,1.340241806424558e-09,0.024138586595654488
2569_0.51_1.46.png,45.229644775390625,44.07732009887695,-1.1523246765136719,0.9962000846862793,0.9961764812469482,-2.3603439331054688e-05,0.02910017967224121,0.04112076759338379,none,,False,0.3357572555541992,0.008348993957042694,,,1.0,,,,,,,,,,,,,,,,,,,,,,,,,,,,,,,,,,,,,,,,,,,fallback,2569_0.51_1.46.png,True,0.3357572555541992,0.008348993957042694,2.478593111038208,1.698591947555542,1.0,0.5096659660339355,0.5526891350746155,0.5310758948326111,0.2178845852613449,0.0035799071192741394,0.011058022268116474,0.005942970979958773,0.4578891098499298,0.4838895797729492,0.48029154539108276,0.20719315111637115,0.001390892663039267,0.001094000181183219,0.000536492036189884,0.4681016206741333,0.21200986206531525,0.23911342024803162,0.06549303978681564,0.953942060470581,0.9601104855537415,0.011297370307147503,0.954460084438324,0.956061840057373,0.0034693977795541286,0.9520548582077026,0.9522258639335632,0.001445518690161407,0.0,0.0018762568943202496,0.02333499677479267,0.0013509114505723119,0.026489397510886192,0.9503445029258728,0.10018262267112732,0.21180541813373566,8.42021222524636e-07,8.42021222524636e-07,0.23887497186660767,0.0018762568943202496,0.02333499677479267,1.4601942988079486e-09,0.021479792892932892
2577_0.96_0.78.png,43.12992858886719,43.32250213623047,0.19257354736328125,0.9965065717697144,0.9966745376586914,0.00016796588897705078,0.024390697479248047,0.03905081748962402,none,,False,0.4818686842918396,0.007652969099581242,,,1.0,,,,,,,,,,,,,,,,,,,,,,,,,,,,,,,,,,,,,,,,,,,fallback,2577_0.96_0.78.png,True,0.4818686842918396,0.007652969099581242,2.7580277919769287,2.482787847518921,1.0,0.5158983469009399,0.5530650615692139,0.537373423576355,0.20865920186042786,0.004250190686434507,0.01443059928715229,0.007894187234342098,0.46486130356788635,0.4847175180912018,0.48760342597961426,0.19928503036499023,0.0014565287856385112,0.0012150534894317389,0.0005966999451629817,0.5417347550392151,0.21877586841583252,0.19845910370349884,0.04620863497257233,0.9542554020881653,0.9603433609008789,0.014322507195174694,0.954487144947052,0.9554808735847473,0.004128286149352789,0.9520565867424011,0.9521976709365845,0.0015690925065428019,0.0,0.0009099364397116005,0.010263846255838871,3.2552084121562075e-06,0.018855931237339973,0.9503075480461121,0.0744558572769165,0.15139257907867432,7.002521442700527e-07,7.002521442700527e-07,0.19824033975601196,0.0009099364397116005,0.010263846255838871,5.273859127186142e-10,0.02257704548537731
2589_0.62_1.28.png,43.613426208496094,44.160099029541016,0.5466728210449219,0.9952003359794617,0.995262622833252,6.22868537902832e-05,0.026338577270507812,0.03706669807434082,none,,False,0.46088293194770813,0.01878160424530506,,,0.9973856806755066,,,,,,,,,,,,,,,,,,,,,,,,,,,,,,,,,,,,,,,,,,,fallback,2589_0.62_1.28.png,True,0.46088293194770813,0.01878160424530506,2.424861431121826,1.9742517471313477,0.9973856806755066,0.5045255422592163,0.5499922037124634,0.525648295879364,0.20466463267803192,0.003699152497574687,0.011765585280954838,0.0063178399577736855,0.44829559326171875,0.4840514063835144,0.4702344834804535,0.18569724261760712,0.001386989955790341,0.001094538252800703,0.0005267747328616679,0.4094359576702118,0.24812202155590057,0.25055089592933655,0.07382193952798843,0.9539031982421875,0.9604759812355042,0.013187805190682411,0.9545422792434692,0.9559723734855652,0.0037438233848661184,0.9520576000213623,0.9522626399993896,0.0014869095757603645,0.0,0.0014551577623933554,0.02238972671329975,0.0006868490017950535,0.023108437657356262,0.9502909779548645,0.08353995531797409,0.23392796516418457,1.0246502597510698e-06,1.0246502597510698e-06,0.25027284026145935,0.0014551577623933554,0.02238972671329975,1.3906841234145872e-09,0.02328779548406601
2590_0.91_1.28.png,41.517250061035156,41.840484619140625,0.32323455810546875,0.9927411079406738,0.9928078055381775,6.669759750366211e-05,0.028342247009277344,0.04102468490600586,none,,False,0.5576378107070923,0.018952807411551476,,,0.9986928701400757,,,,,,,,,,,,,,,,,,,,,,,,,,,,,,,,,,,,,,,,,,,fallback,2590_0.91_1.28.png,True,0.5576378107070923,0.018952807411551476,2.438539743423462,1.9779744148254395,0.9986928701400757,0.5062181949615479,0.5490871071815491,0.5274205803871155,0.19586198031902313,0.003607905702665448,0.011306564323604107,0.006122223101556301,0.45104822516441345,0.48392656445503235,0.4731210470199585,0.17362120747566223,0.0013818559236824512,0.0010775704868137836,0.0005237808218225837,0.4282741844654083,0.2522599697113037,0.22541911900043488,0.06670957058668137,0.9538211226463318,0.9601086974143982,0.01298538874834776,0.9545139670372009,0.955965518951416,0.003685031784698367,0.9520571231842041,0.9522520303726196,0.0015230756253004074,0.0,0.0011220150627195835,0.016055697575211525,0.0003841145953629166,0.019033387303352356,0.9501945376396179,0.06963653117418289,0.23649878799915314,9.312998940913531e-07,9.312998940913531e-07,0.22513414919376373,0.0011220150627195835,0.016055697575211525,8.203892010172353e-10,0.022955477237701416
2593_0.64_0.67.png,46.65702819824219,46.96217346191406,0.305145263671875,0.9988211393356323,0.9988619089126587,4.076957702636719e-05,0.02889394760131836,0.03665471076965332,none,,False,0.5035801529884338,0.021972402930259705,,,1.0,,,,,,,,,,,,,,,,,,,,,,,,,,,,,,,,,,,,,,,,,,,fallback,2593_0.64_0.67.png,True,0.5035801529884338,0.021972402930259705,2.3743631839752197,2.2578723430633545,1.0,0.5169249176979065,0.5552359819412231,0.5380222201347351,0.20723408460617065,0.004041838925331831,0.013923585414886475,0.007710088510066271,0.4569591283798218,0.48370692133903503,0.4793412387371063,0.17755866050720215,0.0013864798238500953,0.0010948273120447993,0.000537009967956692,0.6178781986236572,0.19578826427459717,0.2101287543773651,0.060028769075870514,0.9546262621879578,0.9625810384750366,0.015692297369241714,0.9546855092048645,0.9562066793441772,0.004297030158340931,0.9520601630210876,0.9522168636322021,0.0014666657662019134,0.0,0.001012427848763764,0.015512565150856972,1.302083364862483e-05,0.019236229360103607,0.9503796696662903,0.08101192861795425,0.15996895730495453,8.547583547624527e-07,8.547583547624527e-07,0.20981687307357788,0.001012427848763764,0.015512565150856972,9.972697112559104e-10,0.023762216791510582
2598_0.78_1.6.png,47.46803283691406,47.06791305541992,-0.4001197814941406,0.9978171586990356,0.9977948069572449,-2.2351741790771484e-05,0.024419546127319336,0.04111957550048828,none,,False,0.3701585531234741,0.021083571016788483,,,1.0,,,,,,,,,,,,,,,,,,,,,,,,,,,,,,,,,,,,,,,,,,,fallback,2598_0.78_1.6.png,True,0.3701585531234741,0.021083571016788483,2.4839670658111572,1.2959288358688354,1.0,0.5050736665725708,0.548775315284729,0.526605486869812,0.20572414994239807,0.0033674840815365314,0.009501602500677109,0.005131564103066921,0.4564740061759949,0.48360127210617065,0.47879618406295776,0.19548869132995605,0.0013973345048725605,0.0011173068778589368,0.0005509856855496764,0.7105116844177246,0.14410904049873352,0.17533574998378754,0.04572505131363869,0.9542521238327026,0.9618203043937683,0.013056071475148201,0.9546262621879578,0.956403374671936,0.0037032689433544874,0.9520516991615295,0.9522436857223511,0.0014097183011472225,0.0,0.002221832750365138,0.015251779928803444,1.302083364862483e-05,0.025935111567378044,0.9504663944244385,0.11238612234592438,0.2260528951883316,5.612985773950641e-07,5.612985773950641e-07,0.17501768469810486,0.002221832750365138,0.015251779928803444,1.1381855458125756e-09,0.02242090553045273
259_0.87_0.76.png,30.126663208007812,30.17906379699707,0.05240058898925781,0.9917197227478027,0.9917935132980347,7.37905502319336e-05,0.017371177673339844,0.025081872940063477,none,,False,0.5049915313720703,0.022094398736953735,,,1.0,,,,,,,,,,,,,,,,,,,,,,,,,,,,,,,,,,,,,,,,,,,fallback,259_0.87_0.76.png,True,0.5049915313720703,0.022094398736953735,2.450437068939209,2.5185372829437256,1.0,0.513288676738739,0.5546274185180664,0.5345837473869324,0.16817064583301544,0.0042773885652422905,0.014354554004967213,0.007769284304231405,0.4573327898979187,0.4847383201122284,0.4797106087207794,0.15863505005836487,0.0014659821754321456,0.0012696638004854321,0.0006073525291867554,0.5204388499259949,0.24459873139858246,0.2150927186012268,0.062181029468774796,0.9544723033905029,0.9585784077644348,0.014157374389469624,0.9546090960502625,0.9557344913482666,0.004091263748705387,0.9520561695098877,0.9522134065628052,0.0014815200120210648,0.0,0.0024175054859369993,0.1174490675330162,0.056178346276283264,0.024468377232551575,0.9503992795944214,0.09778868407011032,0.28701871633529663,5.645728720082843e-07,5.645728720082843e-07,0.21486492455005646,0.0024175054859369993,0.1174490675330162,3.510596036093716e-09,0.024965742602944374
2615_0.61_1.0.png,47.991119384765625,47.22233581542969,-0.7687835693359375,0.9957770705223083,0.995536208152771,-0.00024086236953735352,0.0251772403717041,0.03717231750488281,none,,False,0.3624584674835205,0.014217942953109741,,,0.9921568632125854,,,,,,,,,,,,,,,,,,,,,,,,,,,,,,,,,,,,,,,,,,,fallback,2615_0.61_1.0.png,True,0.3624584674835205,0.014217942953109741,2.0864601135253906,0.9995546340942383,0.9921568632125854,0.5178156495094299,0.5556272268295288,0.5386115908622742,0.17820827662944794,0.0036413257475942373,0.013479474931955338,0.007252836599946022,0.45030784606933594,0.48455944657325745,0.4723871946334839,0.17386658489704132,0.001276336726732552,0.0008246222278103232,0.00040253938641399145,0.519682765007019,0.15759192407131195,0.2158174216747284,0.0533963218331337,0.9540156126022339,0.9589205384254456,0.010846911929547787,0.9545575380325317,0.9558928608894348,0.0036185365170240402,0.9520668983459473,0.9522466063499451,0.0014530743937939405,0.0,0.0013328066561371088,0.01213151030242443,3.2552084121562075e-06,0.02286561392247677,0.9503237009048462,0.09002143144607544,0.16240084171295166,8.622469067631755e-07,8.622469067631755e-07,0.2155565768480301,0.0013328066561371088,0.01213151030242443,1.1703193969481163e-09,0.019677184522151947
2618_0.53_1.46.png,44.8824348449707,44.91226577758789,0.0298309326171875,0.9975948333740234,0.9975104331970215,-8.440017700195312e-05,0.028339862823486328,0.04102277755737305,none,,False,0.3886532485485077,0.00928623229265213,,,1.0,,,,,,,,,,,,,,,,,,,,,,,,,,,,,,,,,,,,,,,,,,,fallback,2618_0.53_1.46.png,True,0.3886532485485077,0.00928623229265213,2.895671844482422,1.9845117330551147,1.0,0.5138922929763794,0.5568117499351501,0.5354568958282471,0.22034384310245514,0.004010094795376062,0.012564926408231258,0.006863909773528576,0.46432098746299744,0.48461511731147766,0.4870329797267914,0.22043873369693756,0.0014568435726687312,0.0012475047260522842,0.0006114578573033214,0.45278677344322205,0.2556772828102112,0.2544976770877838,0.06648960709571838,0.954045832157135,0.9617846608161926,0.013783060945570469,0.9544404149055481,0.9556457996368408,0.003935467451810837,0.9520550966262817,0.9522374272346497,0.0014985718298703432,0.0,0.0014489764580503106,0.026746829971671104,0.000872395874466747,0.023517081514000893,0.9503352046012878,0.08773615956306458,0.17971809208393097,1.0483931873750407e-06,1.0483931873750407e-06,0.2542518377304077,0.0014489764580503106,0.026746829971671104,1.1825445067614737e-09,0.02392522804439068
2626_0.88_1.19.png,41.119911193847656,41.57703399658203,0.457122802734375,0.9981643557548523,0.9982103705406189,4.601478576660156e-05,0.029718399047851562,0.03840065002441406,none,,False,0.5533530116081238,0.015190266072750092,,,1.0,,,,,,,,,,,,,,,,,,,,,,,,,,,,,,,,,,,,,,,,,,,fallback,2626_0.88_1.19.png,True,0.5533530116081238,0.015190266072750092,2.7127132415771484,1.7961862087249756,1.0,0.5186412930488586,0.5568362474441528,0.5398291945457458,0.18732042610645294,0.0037632882595062256,0.012461813166737556,0.006944975815713406,0.46063628792762756,0.48321571946144104,0.4831983149051666,0.18592558801174164,0.0013662237906828523,0.0010484902886673808,0.0005159710999578238,0.5176434516906738,0.22990356385707855,0.22015909850597382,0.061916548758745193,0.9543013572692871,0.9607152342796326,0.01345380675047636,0.9546380639076233,0.9557722806930542,0.003518912009894848,0.9520609974861145,0.9522179961204529,0.0014644915936514735,0.0,0.0013033179566264153,0.01638721115887165,0.00022460937907453626,0.019487276673316956,0.9502678513526917,0.07847411930561066,0.2040252685546875,7.555324259556073e-07,7.555324259556073e-07,0.21989552676677704,0.0013033179566264153,0.01638721115887165,7.771834287240154e-10,0.024295633658766747
2630_0.93_0.96.png,40.08537673950195,40.89391326904297,0.8085365295410156,0.9969390630722046,0.9969853162765503,4.6253204345703125e-05,0.030144929885864258,0.04106020927429199,none,,False,0.5707608461380005,0.006960940547287464,,,1.0,,,,,,,,,,,,,,,,,,,,,,,,,,,,,,,,,,,,,,,,,,,fallback,2630_0.93_0.96.png,True,0.5707608461380005,0.006960940547287464,2.4957523345947266,2.272019863128662,1.0,0.5180861353874207,0.555651068687439,0.539219081401825,0.17264655232429504,0.0040901582688093185,0.014354700222611427,0.00785553827881813,0.45775306224823,0.48483899235725403,0.4801722466945648,0.16609084606170654,0.0013901750789955258,0.001084876828826964,0.0005268566310405731,0.411754310131073,0.22395046055316925,0.24577154219150543,0.05772697925567627,0.9539572596549988,0.9597408175468445,0.011747344397008419,0.9545656442642212,0.9556055068969727,0.0036697767209261656,0.9520627856254578,0.9522110223770142,0.0015304674161598086,0.0,0.0008818926871754229,0.01128739956766367,2.27864584303461e-05,0.0176546648144722,0.950191855430603,0.06333473324775696,0.21257121860980988,9.331835713055625e-07,9.331835713055625e-07,0.24557867646217346,0.0008818926871754229,0.01128739956766367,5.158830029827755e-10,0.024219132959842682
2636_0.8_1.94.png,39.97211456298828,39.97672653198242,0.004611968994140625,0.9971632957458496,0.9971405267715454,-2.276897430419922e-05,0.028228044509887695,0.03792905807495117,none,,False,0.6151401400566101,0.013038020581007004,,,1.0,,,,,,,,,,,,,,,,,,,,,,,,,,,,,,,,,,,,,,,,,,,fallback,2636_0.8_1.94.png,True,0.6151401400566101,0.013038020581007004,2.5091545581817627,1.58206307888031,1.0,0.5113853812217712,0.5569053292274475,0.5327718257904053,0.1856699287891388,0.003747649258002639,0.011891894973814487,0.006497330032289028,0.4571263790130615,0.4849587380886078,0.47949323058128357,0.18311333656311035,0.0014070110628381371,0.0011283042840659618,0.0005488893366418779,0.483249306678772,0.2634935677051544,0.24664780497550964,0.06447501480579376,0.9541797041893005,0.9603849053382874,0.014488058164715767,0.9545356631278992,0.9558337330818176,0.0036908031906932592,0.9520582556724548,0.9522321224212646,0.0014709493843838573,0.0,0.0008037111256271601,0.012575903907418251,6.510416824312415e-06,0.01780056767165661,0.9502490758895874,0.06696855276823044,0.18490417301654816,9.507136269348848e-07,9.507136269348848e-07,0.2463971972465515,0.0008037111256271601,0.012575903907418251,6.008500919030269e-10,0.024588461965322495
263_0.79_1.99.png,36.227455139160156,36.146270751953125,-0.08118438720703125,0.996317982673645,0.9962244033813477,-9.357929229736328e-05,0.01893472671508789,0.02661609649658203,none,,False,0.755210280418396,0.01783132180571556,,,0.9777778387069702,,,,,,,,,,,,,,,,,,,,,,,,,,,,,,,,,,,,,,,,,,,fallback,263_0.79_1.99.png,True,0.755210280418396,0.01783132180571556,1.3578866720199585,1.803149938583374,0.9777778387069702,0.5143355131149292,0.5555076599121094,0.5353262424468994,0.16691745817661285,0.004652176983654499,0.01647232100367546,0.008919346146285534,0.4511829912662506,0.4845442771911621,0.4732758104801178,0.15828944742679596,0.0014691728865727782,0.0012983079068362713,0.0006120190373621881,0.2518891990184784,0.248296856880188,0.2936168611049652,0.07125439494848251,0.9537691473960876,0.9598952531814575,0.01087039615958929,0.9545326828956604,0.9558523297309875,0.003849201602861285,0.9520624279975891,0.9522439241409302,0.0015373443020507693,0.0,0.0005165803013369441,0.06984418630599976,0.003443971974775195,0.014255504123866558,0.9500678777694702,0.04530152305960655,0.20873360335826874,9.588953844286152e-07,9.588953844286152e-07,0.2934415936470032,0.0005165803013369441,0.06984418630599976,9.526049948860305e-10,0.024684909731149673
2644_0.85_0.81.png,44.2618408203125,45.313255310058594,1.0514144897460938,0.9989528059959412,0.9989793300628662,2.6524066925048828e-05,0.029491186141967773,0.04112052917480469,none,,False,0.6622933149337769,0.01055203378200531,,,0.9947712421417236,,,,,,,,,,,,,,,,,,,,,,,,,,,,,,,,,,,,,,,,,,,fallback,2644_0.85_0.81.png,True,0.6622933149337769,0.01055203378200531,2.0910933017730713,1.255759835243225,0.9947712421417236,0.5216633081436157,0.5568520426750183,0.5428164005279541,0.19261902570724487,0.003685983829200268,0.012780762277543545,0.007157092448323965,0.4612196087837219,0.4835708737373352,0.48381954431533813,0.17683973908424377,0.0013254425721243024,0.0009322609985247254,0.000456984736956656,0.4703625738620758,0.18208903074264526,0.2461780160665512,0.05198076367378235,0.9544888734817505,0.9600911140441895,0.01349304523319006,0.9546404480934143,0.9556848406791687,0.0035088781733065844,0.9520646333694458,0.9522241353988647,0.001444704714231193,0.0,0.0006552360136993229,0.019219404086470604,0.00032552084303461015,0.01581326313316822,0.9502182006835938,0.059771616011857986,0.19736610352993011,7.374275128313457e-07,7.374275128313457e-07,0.24596334993839264,0.0006552360136993229,0.019219404086470604,5.030636462954874e-10,0.024420026689767838
2646_0.82_1.47.png,40.739341735839844,41.563907623291016,0.8245658874511719,0.9972492456436157,0.9972933530807495,4.410743713378906e-05,0.0292205810546875,0.03848719596862793,none,,False,0.5766251683235168,0.008754818700253963,,,1.0,,,,,,,,,,,,,,,,,,,,,,,,,,,,,,,,,,,,,,,,,,,fallback,2646_0.82_1.47.png,True,0.5766251683235168,0.008754818700253963,3.1045525074005127,2.4944443702697754,1.0,0.5175244212150574,0.556844174861908,0.5390423536300659,0.1747492104768753,0.004372645169496536,0.014690205454826355,0.008064636960625648,0.466050386428833,0.4847618639469147,0.4888474643230438,0.16760697960853577,0.0014890661695972085,0.001295791706070304,0.0006352345226332545,0.419699102640152,0.29041796922683716,0.2510177791118622,0.06709428131580353,0.9539732336997986,0.9597524404525757,0.015509937889873981,0.9544419646263123,0.9556689858436584,0.003976957406848669,0.9520577192306519,0.9522674679756165,0.0015847653849050403,0.0,0.0008257566369138658,0.015058338642120361,6.510416824312415e-06,0.01754569262266159,0.9502367377281189,0.06530572474002838,0.1659262478351593,1.164208811132994e-06,1.164208811132994e-06,0.25080469250679016,0.0008257566369138658,0.015058338642120361,6.208927261219799e-10,0.024369588121771812
2647_0.91_1.62.png,40.72007751464844,40.88009262084961,0.16001510620117188,0.9966264963150024,0.9965962171554565,-3.0279159545898438e-05,0.024421215057373047,0.04085040092468262,none,,False,0.6170766353607178,0.008433341048657894,,,1.0,,,,,,,,,,,,,,,,,,,,,,,,,,,,,,,,,,,,,,,,,,,fallback,2647_0.91_1.62.png,True,0.6170766353607178,0.008433341048657894,3.0951030254364014,2.518397808074951,1.0,0.5179436206817627,0.5568550825119019,0.5394662022590637,0.1736236810684204,0.00437346613034606,0.014707260765135288,0.008085754700005054,0.46621841192245483,0.4847745895385742,0.4890241026878357,0.1657031625509262,0.0014885765267536044,0.0012939241714775562,0.0006341382977552712,0.4088801443576813,0.2912122905254364,0.24258311092853546,0.06179902330040932,0.9539099335670471,0.9597609043121338,0.015259730629622936,0.9544233679771423,0.9557029604911804,0.003988390322774649,0.9520583152770996,0.95225590467453,0.001613307511433959,0.0,0.0007701993454247713,0.014608562923967838,6.510416824312415e-06,0.016510585322976112,0.9501941204071045,0.061113663017749786,0.1666916310787201,1.201778673021181e-06,1.201778673021181e-06,0.24237005412578583,0.0007701993454247713,0.014608562923967838,5.331091124105569e-10,0.024325905367732048
2655_0.53_0.87.png,45.705047607421875,45.420108795166016,-0.2849388122558594,0.9982725381851196,0.998243510723114,-2.9027462005615234e-05,0.026554346084594727,0.03838801383972168,none,,False,0.44680067896842957,0.011553478427231312,,,1.0,,,,,,,,,,,,,,,,,,,,,,,,,,,,,,,,,,,,,,,,,,,fallback,2655_0.53_0.87.png,True,0.44680067896842957,0.011553478427231312,2.9955971240997314,1.9306937456130981,1.0,0.5057545304298401,0.55389404296875,0.527370035648346,0.2026309072971344,0.003650811966508627,0.01056428998708725,0.005737393628805876,0.460187703371048,0.4847935438156128,0.48268231749534607,0.1968018114566803,0.0014496754156425595,0.001224926789291203,0.0006054911646060646,0.6968154311180115,0.1628551334142685,0.189919576048851,0.05142521113157272,0.9548231959342957,0.959829568862915,0.01800977997481823,0.9545922875404358,0.9559545516967773,0.004453892819583416,0.9520493745803833,0.9521974325180054,0.001422283356077969,0.0,0.001844169688411057,0.01671847701072693,0.0006575520965270698,0.024627748876810074,0.9504927396774292,0.10669807344675064,0.23124659061431885,6.75522869642009e-07,6.75522869642009e-07,0.18963058292865753,0.001844169688411057,0.01671847701072693,1.3111234320462017e-09,0.022025659680366516
2658_0.78_1.47.png,41.19617462158203,41.58769607543945,0.3915214538574219,0.9963058829307556,0.9963492751121521,4.3392181396484375e-05,0.0283815860748291,0.04115128517150879,none,,False,0.5500794053077698,0.01366984099149704,,,1.0,,,,,,,,,,,,,,,,,,,,,,,,,,,,,,,,,,,,,,,,,,,fallback,2658_0.78_1.47.png,True,0.5500794053077698,0.01366984099149704,2.2073235511779785,2.6281394958496094,1.0,0.526215672492981,0.5567403435707092,0.5471149682998657,0.20926445722579956,0.004310776479542255,0.016349248588085175,0.00896849948912859,0.4596659541130066,0.4850618541240692,0.48220399022102356,0.19848211109638214,0.0013525147223845124,0.0009851453360170126,0.00047869564150460064,0.322336345911026,0.20567049086093903,0.267702579498291,0.06041298061609268,0.9537321925163269,0.959574282169342,0.012697873637080193,0.9545099139213562,0.95620197057724,0.0038311772514134645,0.9520703554153442,0.9522406458854675,0.0016171822790056467,0.0,0.0006239588255994022,0.019926046952605247,0.00025716147501952946,0.016207126900553703,0.950153648853302,0.05562549829483032,0.1670914888381958,1.274619194191473e-06,1.274619194191473e-06,0.2674945294857025,0.0006239588255994022,0.019926046952605247,8.15620238014958e-10,0.023998292163014412
2664_0.64_0.83.png,45.37651062011719,45.20759582519531,-0.168914794921875,0.9979047775268555,0.9979552030563354,5.042552947998047e-05,0.029867887496948242,0.03855562210083008,none,,False,0.42880725860595703,0.017679627984762192,,,1.0,,,,,,,,,,,,,,,,,,,,,,,,,,,,,,,,,,,,,,,,,,,fallback,2664_0.64_0.83.png,True,0.42880725860595703,0.017679627984762192,2.0637199878692627,1.3216713666915894,1.0,0.5163998603820801,0.5569623708724976,0.5373857021331787,0.18791812658309937,0.0035991279873996973,0.012212307192385197,0.006678882520645857,0.4532107710838318,0.48229771852493286,0.4754203259944916,0.17401599884033203,0.0013154733460396528,0.0009356648079119623,0.00045515934471040964,0.5326775312423706,0.19442306458950043,0.21579371392726898,0.06158243492245674,0.9541081190109253,0.960615873336792,0.01284171175211668,0.9546585083007812,0.9561600089073181,0.003716663923114538,0.952063798904419,0.9522364735603333,0.0014412892051041126,0.0,0.0015185527736321092,0.01706697605550289,0.00042317708721384406,0.02246277779340744,0.9503310322761536,0.09095025807619095,0.20727761089801788,8.450639938928362e-07,8.450639938928362e-07,0.2154887467622757,0.0015185527736321092,0.01706697605550289,1.0369142211530402e-09,0.02363675646483898
266_0.78_1.16.png,32.11448669433594,32.53952407836914,0.4250373840332031,0.9958950877189636,0.9962703585624695,0.0003752708435058594,0.01842808723449707,0.027411460876464844,none,,False,0.5989351272583008,0.015543214045464993,,,0.9947712421417236,,,,,,,,,,,,,,,,,,,,,,,,,,,,,,,,,,,,,,,,,,,fallback,266_0.78_1.16.png,True,0.5989351272583008,0.015543214045464993,1.1893078088760376,1.2982062101364136,0.9947712421417236,0.5181798338890076,0.5526817440986633,0.5392010807991028,0.16964039206504822,0.0038263017777353525,0.013057543896138668,0.007151484023779631,0.45446479320526123,0.48269733786582947,0.4767336845397949,0.15922141075134277,0.001350457314401865,0.001025237375870347,0.0004903498920612037,0.26185035705566406,0.23300011456012726,0.3199743628501892,0.09635734558105469,0.9536000490188599,0.959887683391571,0.013930605724453926,0.9546087980270386,0.9557687044143677,0.0037508606910705566,0.9520619511604309,0.9522509574890137,0.001414087018929422,0.0,0.0008744745864532888,0.09912904351949692,0.005940273869782686,0.01809118501842022,0.9500505328178406,0.059333205223083496,0.182737797498703,8.312986778946652e-07,8.312986778946652e-07,0.3197993338108063,0.0008744745864532888,0.09912904351949692,1.4001105830274696e-09,0.023779774084687233
2679_0.72_1.97.png,42.44011688232422,42.762332916259766,0.3222160339355469,0.9967781901359558,0.9968198537826538,4.166364669799805e-05,0.02689838409423828,0.04110884666442871,none,,False,0.6092050075531006,0.010116610676050186,,,1.0,,,,,,,,,,,,,,,,,,,,,,,,,,,,,,,,,,,,,,,,,,,fallback,2679_0.72_1.97.png,True,0.6092050075531006,0.010116610676050186,1.9530057907104492,1.605078935623169,1.0,0.5245634913444519,0.5567420721054077,0.5454965829849243,0.22529487311840057,0.004012610297650099,0.0146047817543149,0.008059804327785969,0.45904481410980225,0.4833201467990875,0.4815521240234375,0.1809537261724472,0.0013350654626265168,0.0009754763450473547,0.0004711309156846255,0.25800225138664246,0.23217003047466278,0.3000916838645935,0.07672909647226334,0.9536646604537964,0.9590033888816833,0.011654099449515343,0.9544975161552429,0.9558483362197876,0.003117048880085349,0.95207279920578,0.9522803425788879,0.0015468229539692402,0.0,0.0007272013463079929,0.02366480976343155,0.0002734375011641532,0.017414987087249756,0.9501441717147827,0.057841379195451736,0.2134316861629486,1.6445239907625364e-06,1.6445239907625364e-06,0.2999146580696106,0.0007272013463079929,0.02366480976343155,8.613835755788557e-10,0.02468729205429554
2687_0.61_0.9.png,45.070892333984375,45.214385986328125,0.14349365234375,0.9983078241348267,0.9982492327690125,-5.8591365814208984e-05,0.028415679931640625,0.037933349609375,none,,False,0.4991854727268219,0.012094847857952118,,,0.9986928701400757,,,,,,,,,,,,,,,,,,,,,,,,,,,,,,,,,,,,,,,,,,,fallback,2687_0.61_0.9.png,True,0.4991854727268219,0.012094847857952118,2.1853315830230713,1.9503591060638428,0.9986928701400757,0.522663950920105,0.5564448237419128,0.5436064004898071,0.20367829501628876,0.00411974685266614,0.014865446835756302,0.008187060244381428,0.45752549171447754,0.48370417952537537,0.47995322942733765,0.18327943980693817,0.0013556835474446416,0.0010267752222716808,0.0004929967108182609,0.3930986523628235,0.21745643019676208,0.26050665974617004,0.05727395415306091,0.9539530873298645,0.9596311450004578,0.011864982545375824,0.954546332359314,0.95586097240448,0.0035955391358584166,0.9520696997642517,0.9522290229797363,0.0015026015462353826,0.0,0.000964749080594629,0.024694375693798065,0.00037434897967614233,0.019563207402825356,0.9502784609794617,0.0709013119339943,0.21288596093654633,1.1748991255444707e-06,1.1748991255444707e-06,0.2603050470352173,0.000964749080594629,0.024694375693798065,1.0951406448356238e-09,0.024591678753495216
2703_0.77_1.67.png,43.26762771606445,43.54631805419922,0.2786903381347656,0.9961421489715576,0.9961832761764526,4.112720489501953e-05,0.029363393783569336,0.04058504104614258,none,,False,0.5278900265693665,0.0146795017644763,,,1.0,,,,,,,,,,,,,,,,,,,,,,,,,,,,,,,,,,,,,,,,,,,fallback,2703_0.77_1.67.png,True,0.5278900265693665,0.0146795017644763,2.561159133911133,1.6322728395462036,1.0,0.5172543525695801,0.5571033954620361,0.5384747385978699,0.20921564102172852,0.003488100366666913,0.01133048441261053,0.006206458434462547,0.4594835638999939,0.4823967516422272,0.48198893666267395,0.1959787905216217,0.0013331162044778466,0.0009628016268834472,0.0004706794279627502,0.5175442099571228,0.2541688084602356,0.23926910758018494,0.05974295362830162,0.9539260864257812,0.9625989198684692,0.011891469359397888,0.9545547962188721,0.9560193419456482,0.003354722401127219,0.9520658850669861,0.9522043466567993,0.001476212521083653,0.0,0.0008839199435897171,0.014636118896305561,9.765624781721272e-06,0.018344193696975708,0.9502684473991394,0.06966576725244522,0.1747012883424759,1.0745987992777373e-06,1.0745987992777373e-06,0.239028662443161,0.0008839199435897171,0.014636118896305561,7.620080677561702e-10,0.023815101012587547
2706_0.75_1.9.png,44.40791702270508,44.53943634033203,0.13151931762695312,0.9863387942314148,0.9864360094070435,9.721517562866211e-05,0.024413585662841797,0.039005279541015625,none,,False,0.33976101875305176,0.008450709283351898,,,1.0,,,,,,,,,,,,,,,,,,,,,,,,,,,,,,,,,,,,,,,,,,,fallback,2706_0.75_1.9.png,True,0.33976101875305176,0.008450709283351898,3.055586099624634,1.9094289541244507,1.0,0.505590558052063,0.5547522306442261,0.5272979736328125,0.20897631347179413,0.003895089728757739,0.011394623667001724,0.006079169921576977,0.4635702669620514,0.4847785532474518,0.4862199127674103,0.21947415173053741,0.001501566031947732,0.0013300938298925757,0.0006637345068156719,0.45501160621643066,0.27851077914237976,0.22529666125774384,0.09609578549861908,0.9535772800445557,0.9601921439170837,0.01210624910891056,0.9543626308441162,0.9556439518928528,0.0032112067565321922,0.9520514011383057,0.952341616153717,0.001555583206936717,0.0,0.002405462320894003,0.025143848732113838,0.00486002629622817,0.027259185910224915,0.9503033757209778,0.10238924622535706,0.25025051832199097,9.065245194506133e-07,9.065245194506133e-07,0.22510354220867157,0.002405462320894003,0.025143848732113838,1.18508802771089e-09,0.018591372296214104
2709_0.51_0.52.png,50.42927551269531,50.10527801513672,-0.32399749755859375,0.996950089931488,0.9968744516372681,-7.56382942199707e-05,0.026433706283569336,0.03719687461853027,none,,False,0.25125497579574585,0.01253250241279602,,,1.0,,,,,,,,,,,,,,,,,,,,,,,,,,,,,,,,,,,,,,,,,,,fallback,2709_0.51_0.52.png,True,0.25125497579574585,0.01253250241279602,2.1038763523101807,1.5619590282440186,1.0,0.5228193402290344,0.5570527911186218,0.5437002778053284,0.20620615780353546,0.003975309431552887,0.014647109434008598,0.008005301468074322,0.4556877315044403,0.4835543632507324,0.478031724691391,0.17585618793964386,0.001318341470323503,0.0009336533257737756,0.0004564700648188591,0.6264336705207825,0.11535077542066574,0.1849261075258255,0.04309939593076706,0.9542785882949829,0.9611205458641052,0.011559493839740753,0.954623818397522,0.9561744332313538,0.004398920573294163,0.9520648717880249,0.9521963596343994,0.0014657411957159638,0.0,0.0018622545758262277,0.014630448073148727,2.9296876164153218e-05,0.025762032717466354,0.9504351615905762,0.11181165277957916,0.18521082401275635,9.294713549934386e-07,9.294713549934386e-07,0.1846662014722824,0.0018622545758262277,0.014630448073148727,1.757378909061913e-09,0.019579825922846794
2714_0.9_1.77.png,39.62314987182617,39.71713638305664,0.09398651123046875,0.9906164407730103,0.9906375408172607,2.110004425048828e-05,0.02830195426940918,0.041097402572631836,none,,False,0.5495507121086121,0.008893446996808052,,,1.0,,,,,,,,,,,,,,,,,,,,,,,,,,,,,,,,,,,,,,,,,,,fallback,2714_0.9_1.77.png,True,0.5495507121086121,0.008893446996808052,2.1022987365722656,1.5796500444412231,1.0,0.5137554407119751,0.5545587539672852,0.5349065065383911,0.1796470731496811,0.00385968922637403,0.013101738877594471,0.007111400831490755,0.4550209641456604,0.48369747400283813,0.4773012399673462,0.17533698678016663,0.001380294794216752,0.0010727313347160816,0.0005181072046980262,0.3443213105201721,0.23210252821445465,0.24119339883327484,0.06400671601295471,0.9533924460411072,0.9593887329101562,0.011063609272241592,0.9543639421463013,0.9557892680168152,0.0036849607713520527,0.952063798904419,0.9523308277130127,0.0016037820605561137,0.0,0.0008309013792313635,0.018345823511481285,0.00011067708692280576,0.017036978155374527,0.9500939846038818,0.056769803166389465,0.19493523240089417,1.2209499118398526e-06,1.2209499118398526e-06,0.24097107350826263,0.0008309013792313635,0.018345823511481285,5.390631829804704e-10,0.021655308082699776
2717_0.97_0.78.png,43.21562957763672,43.27074432373047,0.05511474609375,0.9964113235473633,0.9965550303459167,0.0001437067985534668,0.029304981231689453,0.03660082817077637,none,,False,0.5610083937644958,0.014871148392558098,,,1.0,,,,,,,,,,,,,,,,,,,,,,,,,,,,,,,,,,,,,,,,,,,fallback,2717_0.97_0.78.png,True,0.5610083937644958,0.014871148392558098,2.3600573539733887,1.0270434617996216,1.0,0.5072164535522461,0.549020528793335,0.5284731388092041,0.1899891048669815,0.0031613328028470278,0.00929278414696455,0.005051379092037678,0.45070603489875793,0.48307645320892334,0.4727659225463867,0.17838969826698303,0.001329759368672967,0.0009685033583082259,0.00046953544369898736,0.5977820158004761,0.153315469622612,0.19689157605171204,0.049974504858255386,0.9544073939323425,0.9615311026573181,0.013645891100168228,0.9545791745185852,0.9559834003448486,0.003389541758224368,0.9520565271377563,0.9522335529327393,0.0013963741948828101,0.0,0.001073617720976472,0.00780056556686759,0.0,0.01955171674489975,0.9502848386764526,0.07848228514194489,0.18274715542793274,5.589816396422975e-07,5.589816396422975e-07,0.19662894308567047,0.001073617720976472,0.00780056556686759,6.186304246647012e-10,0.02265322022140026
2719_0.8_1.91.png,41.3953742980957,41.512874603271484,0.11750030517578125,0.9937080144882202,0.9939125776290894,0.00020456314086914062,0.024700164794921875,0.04107832908630371,none,,False,0.6027728319168091,0.011540261097252369,,,1.0,,,,,,,,,,,,,,,,,,,,,,,,,,,,,,,,,,,,,,,,,,,fallback,2719_0.8_1.91.png,True,0.6027728319168091,0.011540261097252369,2.257051706314087,1.0317423343658447,1.0,0.5049858689308167,0.5491347312927246,0.5262898206710815,0.19591958820819855,0.003169286297634244,0.008985317312180996,0.0048257396556437016,0.45010948181152344,0.48332342505455017,0.47213369607925415,0.19080311059951782,0.0013463656650856137,0.0010112583404406905,0.00048563024029135704,0.3511102497577667,0.18779785931110382,0.25834357738494873,0.05775932967662811,0.953793466091156,0.9587483406066895,0.011457782238721848,0.9544759392738342,0.9565512537956238,0.0030733526218682528,0.9520578980445862,0.9522480368614197,0.001442773500457406,0.0,0.0006897018756717443,0.00817508902400732,0.0,0.01812354288995266,0.9501281380653381,0.060617487877607346,0.16836148500442505,8.208173767343396e-07,8.208173767343396e-07,0.2581334710121155,0.0006897018756717443,0.00817508902400732,5.986415807512913e-10,0.024306902661919594
2720_0.55_1.41.png,43.273956298828125,43.233238220214844,-0.04071807861328125,0.9964577555656433,0.9965664744377136,0.0001087188720703125,0.026410341262817383,0.03919529914855957,none,,False,0.5062174797058105,0.012918995693325996,,,1.0,,,,,,,,,,,,,,,,,,,,,,,,,,,,,,,,,,,,,,,,,,,fallback,2720_0.55_1.41.png,True,0.5062174797058105,0.012918995693325996,2.2523717880249023,1.0329562425613403,1.0,0.5065472722053528,0.549548327922821,0.5277970433235168,0.20896007120609283,0.003185517154633999,0.00934387557208538,0.005032076966017485,0.45014312863349915,0.48320427536964417,0.47217458486557007,0.19161242246627808,0.0013338461285457015,0.0009795073419809341,0.00047098041977733374,0.43280884623527527,0.18281808495521545,0.24331369996070862,0.05430292710661888,0.954113781452179,0.9590187668800354,0.012642962858080864,0.9545673131942749,0.9559914469718933,0.0032683108001947403,0.9520593285560608,0.9522379636764526,0.0014000039082020521,0.0,0.0011555313831195235,0.011689946055412292,0.0006022135494276881,0.02219327539205551,0.9502803087234497,0.08093704283237457,0.17514823377132416,7.521702514168283e-07,7.521702514168283e-07,0.2430800497531891,0.0011555313831195235,0.011689946055412292,1.009529682072241e-09,0.024303322657942772
2726_0.58_1.33.png,43.6875114440918,43.497161865234375,-0.19034957885742188,0.9965977668762207,0.996720016002655,0.00012224912643432617,0.027647018432617188,0.03911590576171875,none,,False,0.5693520903587341,0.015224365517497063,,,0.9947712421417236,,,,,,,,,,,,,,,,,,,,,,,,,,,,,,,,,,,,,,,,,,,fallback,2726_0.58_1.33.png,True,0.5693520903587341,0.015224365517497063,2.562187433242798,1.3466808795928955,0.9947712421417236,0.509231686592102,0.5570732355117798,0.5305042862892151,0.17464429140090942,0.0035851041320711374,0.011122290976345539,0.006060598883777857,0.4528161287307739,0.4846903085708618,0.47497764229774475,0.16727672517299652,0.0013812490506097674,0.0010898499749600887,0.0005233440897427499,0.439518541097641,0.22670523822307587,0.25642630457878113,0.06334351003170013,0.9542165398597717,0.9603042602539062,0.01379543635994196,0.9546216130256653,0.9558849334716797,0.003611006075516343,0.9520571231842041,0.9522866010665894,0.001419902895577252,0.0,0.0012475269613787532,0.015103597193956375,6.184895755723119e-05,0.02117333561182022,0.9502844214439392,0.08023299276828766,0.2419401854276657,8.112926934700226e-07,8.112926934700226e-07,0.25619742274284363,0.0012475269613787532,0.015103597193956375,8.349251290340476e-10,0.02457575872540474
2728_0.84_1.29.png,42.90101623535156,42.88722610473633,-0.013790130615234375,0.995663046836853,0.9956930875778198,3.0040740966796875e-05,0.02761054039001465,0.040810346603393555,none,,False,0.6331189274787903,0.014918480068445206,,,1.0,,,,,,,,,,,,,,,,,,,,,,,,,,,,,,,,,,,,,,,,,,,fallback,2728_0.84_1.29.png,True,0.6331189274787903,0.014918480068445206,2.578045129776001,1.309895396232605,1.0,0.5090646147727966,0.5569318532943726,0.5303549766540527,0.17189247906208038,0.0035727994982153177,0.01098908856511116,0.00598242087289691,0.45350420475006104,0.48474565148353577,0.47569775581359863,0.1634233295917511,0.0013853233540430665,0.0010986353736370802,0.0005299181793816388,0.4435979723930359,0.22431352734565735,0.24333570897579193,0.06030521169304848,0.9542173743247986,0.9605972766876221,0.012885632924735546,0.9545374512672424,0.9556513428688049,0.003303891746327281,0.9520550966262817,0.9522480368614197,0.001427178387530148,0.0,0.0010342388413846493,0.011208665557205677,0.00041666667675599456,0.01869969628751278,0.9502033591270447,0.07058703899383545,0.24810872972011566,6.551734941240284e-07,6.551734941240284e-07,0.2431139200925827,0.0010342388413846493,0.011208665557205677,5.243626644002575e-10,0.02440725825726986
2730_0.75_1.79.png,40.98821258544922,41.77503204345703,0.7868194580078125,0.995445191860199,0.9954988360404968,5.364418029785156e-05,0.027688264846801758,0.037809133529663086,none,,False,0.5967217087745667,0.010152865201234818,,,1.0,,,,,,,,,,,,,,,,,,,,,,,,,,,,,,,,,,,,,,,,,,,fallback,2730_0.75_1.79.png,True,0.5967217087745667,0.010152865201234818,2.2848658561706543,2.029116153717041,1.0,0.51566481590271,0.5533768534660339,0.5368193984031677,0.1757851243019104,0.003946329466998577,0.01375526748597622,0.00747718196362257,0.45747876167297363,0.4844430685043335,0.4798809885978699,0.1680620014667511,0.001380450208671391,0.0010578340152278543,0.000512595463078469,0.2981472909450531,0.2540507912635803,0.2956959903240204,0.07645918428897858,0.9538841843605042,0.9611498117446899,0.012876694090664387,0.9544706344604492,0.9558712840080261,0.0037045262288302183,0.9520617723464966,0.9523156881332397,0.001526699517853558,0.0,0.0007908676052466035,0.016408830881118774,1.302083364862483e-05,0.017647845670580864,0.9501459002494812,0.05968563258647919,0.21865451335906982,1.1037268450309057e-06,1.1037268450309057e-06,0.29551154375076294,0.0007908676052466035,0.016408830881118774,6.897856175136496e-10,0.02424543723464012
2744_0.6_1.82.png,40.665550231933594,40.712860107421875,0.04730987548828125,0.9952215552330017,0.9951733946800232,-4.8160552978515625e-05,0.027894973754882812,0.0407564640045166,none,,False,0.5608993768692017,0.01174980215728283,,,1.0,,,,,,,,,,,,,,,,,,,,,,,,,,,,,,,,,,,,,,,,,,,fallback,2744_0.6_1.82.png,True,0.5608993768692017,0.01174980215728283,2.3474016189575195,1.68794584274292,1.0,0.5170668959617615,0.5570011138916016,0.5382083058357239,0.21081173419952393,0.003886051243171096,0.013461717404425144,0.007392617873847485,0.45978111028671265,0.4848867654800415,0.4822993576526642,0.19070522487163544,0.0013699459377676249,0.0010335074039176106,0.0005062451236881316,0.2805999219417572,0.2432022988796234,0.3059338331222534,0.06612566113471985,0.9539541006088257,0.9642563462257385,0.012716937810182571,0.95452880859375,0.9562903046607971,0.003753280732780695,0.9520658850669861,0.9523305296897888,0.0014744071522727609,0.0,0.0007642039563506842,0.014465668238699436,0.0003776041849050671,0.020170655101537704,0.950244128704071,0.06599016487598419,0.15961043536663055,1.066397771865013e-06,1.066397771865013e-06,0.3057604730129242,0.0007642039563506842,0.014465668238699436,1.0227442226451444e-09,0.024342406541109085
2746_0.97_1.1.png,41.83286666870117,42.029605865478516,0.19673919677734375,0.9967551231384277,0.9968997836112976,0.00014466047286987305,0.02760624885559082,0.037940025329589844,none,,False,0.5975120663642883,0.018511582165956497,,,1.0,,,,,,,,,,,,,,,,,,,,,,,,,,,,,,,,,,,,,,,,,,,fallback,2746_0.97_1.1.png,True,0.5975120663642883,0.018511582165956497,2.4024150371551514,1.4056000709533691,1.0,0.5141031742095947,0.5538880228996277,0.5353552103042603,0.2062809318304062,0.003331322455778718,0.010414406657218933,0.005755358841270208,0.45773428678512573,0.48279762268066406,0.4801484942436218,0.1763039082288742,0.0013304715976119041,0.0009620481869205832,0.0004727963823825121,0.5732528567314148,0.20838096737861633,0.21102245151996613,0.0605771578848362,0.9544456005096436,0.9605259299278259,0.01444962527602911,0.954620361328125,0.9560510516166687,0.0035291463136672974,0.9520576000213623,0.9521903991699219,0.0014047317672520876,0.0,0.0011135381646454334,0.015744740143418312,1.302083364862483e-05,0.018746471032500267,0.9502742886543274,0.07724574953317642,0.21191862225532532,5.775188469669956e-07,5.775188469669956e-07,0.21073800325393677,0.0011135381646454334,0.015744740143418312,6.413366504531837e-10,0.022622443735599518
274_0.88_1.73.png,34.30406188964844,34.16863250732422,-0.13542938232421875,0.9904431104660034,0.9904792308807373,3.612041473388672e-05,0.01778435707092285,0.02496647834777832,none,,False,0.6834843754768372,0.008029690012335777,,,1.0,,,,,,,,,,,,,,,,,,,,,,,,,,,,,,,,,,,,,,,,,,,fallback,274_0.88_1.73.png,True,0.6834843754768372,0.008029690012335777,1.3481730222702026,1.6643563508987427,1.0,0.5066628456115723,0.5517883896827698,0.5273727178573608,0.1678725928068161,0.004124036990106106,0.014438319019973278,0.007690358441323042,0.43996578454971313,0.4842953681945801,0.4615187346935272,0.15912124514579773,0.0013814156409353018,0.001114659826271236,0.0005159972934052348,0.259304404258728,0.23202884197235107,0.25683361291885376,0.04675360769033432,0.9534022212028503,0.9586979746818542,0.009724004194140434,0.9545570015907288,0.9568246603012085,0.003718848107382655,0.9520682692527771,0.9522194862365723,0.001572129433043301,0.0,0.0008255657739937305,0.056599099189043045,0.008349898271262646,0.015656761825084686,0.9500327706336975,0.048659827560186386,0.243185892701149,7.392255838567507e-07,7.392255838567507e-07,0.25667381286621094,0.0008255657739937305,0.056599099189043045,1.5332096703346565e-09,0.024758758023381233
2769_0.81_1.94.png,41.20860290527344,41.65519714355469,0.44659423828125,0.9974133372306824,0.9974216222763062,8.285045623779297e-06,0.02637958526611328,0.04079580307006836,none,,False,0.5978845357894897,0.012340560555458069,,,1.0,,,,,,,,,,,,,,,,,,,,,,,,,,,,,,,,,,,,,,,,,,,fallback,2769_0.81_1.94.png,True,0.5978845357894897,0.012340560555458069,2.693169355392456,1.6251546144485474,1.0,0.5153564810752869,0.5548217296600342,0.5365976095199585,0.1992635428905487,0.0033435544464737177,0.01084963884204626,0.005918500479310751,0.45694592595100403,0.4836713671684265,0.4793241620063782,0.17397625744342804,0.0013197148218750954,0.0009262977400794625,0.0004455570597201586,0.4763649106025696,0.2365454137325287,0.2505904734134674,0.06017544865608215,0.9542922377586365,0.959894597530365,0.014067253097891808,0.9545803070068359,0.9560044407844543,0.00320191727951169,0.9520613551139832,0.9522233605384827,0.0014267286751419306,0.0,0.0008018507505767047,0.019010620191693306,0.000244140625,0.017714904621243477,0.9502320885658264,0.06798691302537918,0.19168710708618164,7.947875815261796e-07,7.947875815261796e-07,0.25036805868148804,0.0008018507505767047,0.019010620191693306,6.943618457988521e-10,0.02477763593196869
2778_0.58_1.79.png,37.940582275390625,38.35310745239258,0.4125251770019531,0.9870985746383667,0.9872207641601562,0.00012218952178955078,0.027519702911376953,0.036008358001708984,none,,False,0.44734278321266174,0.010607966221868992,,,0.9921568632125854,,,,,,,,,,,,,,,,,,,,,,,,,,,,,,,,,,,,,,,,,,,fallback,2778_0.58_1.79.png,True,0.44734278321266174,0.010607966221868992,2.1629905700683594,1.4063258171081543,0.9921568632125854,0.5155836939811707,0.554452657699585,0.5365146994590759,0.20655930042266846,0.003550788154825568,0.01217847503721714,0.006639895495027304,0.45173075795173645,0.4824008047580719,0.47386983036994934,0.18798580765724182,0.0013026682427152991,0.0009086090722121298,0.0004374078125692904,0.42469048500061035,0.2428140640258789,0.26599809527397156,0.07053539156913757,0.9541394114494324,0.9607393145561218,0.012647691182792187,0.9545345306396484,0.9558737874031067,0.0034986615646630526,0.952064037322998,0.9522960186004639,0.0014445983106270432,0.0,0.0011347121326252818,0.018358780071139336,0.0003776041849050671,0.021410463377833366,0.950267493724823,0.08005604892969131,0.1768161952495575,9.283633062295849e-07,9.283633062295849e-07,0.2657695710659027,0.0011347121326252818,0.018358780071139336,1.0447376297406663e-09,0.024661092087626457
2779_0.73_0.56.png,45.351837158203125,45.6414794921875,0.289642333984375,0.9967982172966003,0.9969271421432495,0.00012892484664916992,0.028206825256347656,0.04098939895629883,none,,False,0.42828625440597534,0.013193778693675995,,,0.9973856806755066,,,,,,,,,,,,,,,,,,,,,,,,,,,,,,,,,,,,,,,,,,,fallback,2779_0.73_0.56.png,True,0.42828625440597534,0.013193778693675995,2.099299669265747,1.406561017036438,0.9973856806755066,0.5189543962478638,0.5541344881057739,0.5398519039154053,0.2063542753458023,0.0036260359920561314,0.012982050888240337,0.0071449377574026585,0.4532725214958191,0.48191723227500916,0.475493848323822,0.1768263280391693,0.0012915469706058502,0.0008726295782253146,0.00042552323429845273,0.6176149249076843,0.17507925629615784,0.21545420587062836,0.056704647839069366,0.9546439051628113,0.9608633518218994,0.014673255383968353,0.9546456336975098,0.956079363822937,0.003893766552209854,0.952064037322998,0.9522044658660889,0.0014229186344891787,0.0,0.0013506751274690032,0.014009131118655205,6.510416824312415e-06,0.02130867913365364,0.9503695368766785,0.09183792769908905,0.1743423342704773,7.292338182196545e-07,7.292338182196545e-07,0.21518203616142273,0.0013506751274690032,0.014009131118655205,9.77236624954969e-10,0.02412903867661953
2789_0.9_0.74.png,50.095458984375,50.0059814453125,-0.0894775390625,0.9953200221061707,0.995233416557312,-8.660554885864258e-05,0.029887676239013672,0.037217140197753906,none,,False,0.3171861171722412,0.011538892984390259,,,1.0,,,,,,,,,,,,,,,,,,,,,,,,,,,,,,,,,,,,,,,,,,,fallback,2789_0.9_0.74.png,True,0.3171861171722412,0.011538892984390259,2.477613687515259,1.7659494876861572,1.0,0.5189440846443176,0.556957483291626,0.5401099324226379,0.20600928366184235,0.0037591252475976944,0.012447168119251728,0.0068304636515676975,0.45885998010635376,0.4829305112361908,0.4813385009765625,0.1892617791891098,0.0013575240736827254,0.0010377708822488785,0.0005087355384603143,0.577483594417572,0.22138378024101257,0.18273237347602844,0.054650723934173584,0.9539791941642761,0.9599849581718445,0.012370677664875984,0.9545780420303345,0.9559444785118103,0.003892195411026478,0.952060878276825,0.952195942401886,0.0014905271818861365,0.0,0.0017957361415028572,0.021145204082131386,2.604166729724966e-05,0.024253489449620247,0.9503692388534546,0.10093458741903305,0.22159984707832336,7.444375000886794e-07,7.444375000886794e-07,0.1824720948934555,0.0017957361415028572,0.021145204082131386,9.431347924859779e-10,0.019004695117473602
278_0.98_0.65.png,38.085975646972656,38.37986755371094,0.29389190673828125,0.9973515272140503,0.9974451065063477,9.357929229736328e-05,0.018368244171142578,0.0276186466217041,none,,False,0.5537756681442261,0.023204008117318153,,,0.9830065965652466,,,,,,,,,,,,,,,,,,,,,,,,,,,,,,,,,,,,,,,,,,,fallback,278_0.98_0.65.png,True,0.5537756681442261,0.023204008117318153,0.7401468753814697,0.8966720700263977,0.9830065965652466,0.510187566280365,0.5451275706291199,0.5311506986618042,0.1644611954689026,0.0036224538926035166,0.012366102077066898,0.00669172964990139,0.44882917404174805,0.4836139678955078,0.4708133339881897,0.16210661828517914,0.0013309941859915853,0.000968196545727551,0.00045850605238229036,0.5125906467437744,0.24556468427181244,0.22651027143001556,0.061842985451221466,0.9545365571975708,0.9586893916130066,0.013658755458891392,0.9547008275985718,0.9558494091033936,0.0037734939251095057,0.9520614147186279,0.9523605704307556,0.001395947765558958,0.0,0.0015823381254449487,0.05786687508225441,0.005720691755414009,0.02171475812792778,0.9503191709518433,0.08547964692115784,0.25268229842185974,5.311176778377558e-07,5.311176778377558e-07,0.22625042498111725,0.0015823381254449487,0.05786687508225441,1.8387557032539803e-09,0.024945367127656937
2791_0.51_1.66.png,44.76056671142578,43.9399528503418,-0.8206138610839844,0.9879182577133179,0.9876565337181091,-0.00026172399520874023,0.02756500244140625,0.041047096252441406,none,,False,0.3100515604019165,0.009841508232057095,,,1.0,,,,,,,,,,,,,,,,,,,,,,,,,,,,,,,,,,,,,,,,,,,fallback,2791_0.51_1.66.png,True,0.3100515604019165,0.009841508232057095,2.477705478668213,1.7743234634399414,1.0,0.516925036907196,0.5568849444389343,0.5381266474723816,0.20517142117023468,0.0037738888058811426,0.01230078935623169,0.006688134744763374,0.4593021273612976,0.4833106994628906,0.4817967414855957,0.19050440192222595,0.0013717709807679057,0.0010713310912251472,0.0005246609798632562,0.46631014347076416,0.25350692868232727,0.23506157100200653,0.08041815459728241,0.9539044499397278,0.9603092670440674,0.012348244898021221,0.9544354677200317,0.9562463760375977,0.003707889700308442,0.9520605802536011,0.9522534012794495,0.0014980469131842256,0.0,0.0016947357216849923,0.028360385447740555,0.0018815104849636555,0.02484091930091381,0.9503322839736938,0.09440252929925919,0.22012028098106384,1.0011383437813492e-06,1.0011383437813492e-06,0.2348358929157257,0.0016947357216849923,0.028360385447740555,1.272897343085333e-09,0.018945807591080666
2797_0.69_0.58.png,42.82771682739258,43.32030487060547,0.4925880432128906,0.9990767240524292,0.9990737438201904,-2.9802322387695312e-06,0.028325319290161133,0.037897586822509766,none,,False,0.47854623198509216,0.011698958463966846,,,1.0,,,,,,,,,,,,,,,,,,,,,,,,,,,,,,,,,,,,,,,,,,,fallback,2797_0.69_0.58.png,True,0.47854623198509216,0.011698958463966846,2.6305346488952637,2.7985944747924805,1.0,0.5228049755096436,0.5554558634757996,0.5439253449440002,0.20302428305149078,0.004372263792902231,0.0159638449549675,0.008894567377865314,0.46137991547584534,0.484504759311676,0.48398295044898987,0.1845966875553131,0.0014036591164767742,0.00110916537232697,0.0005426080315373838,0.5926045775413513,0.2133619636297226,0.2313874363899231,0.0666271299123764,0.9547109007835388,0.960013210773468,0.016410192474722862,0.9546281099319458,0.9560554027557373,0.004319925792515278,0.9520630240440369,0.9522285461425781,0.0014941227855160832,0.0,0.0010411628754809499,0.01407989114522934,3.2552084121562075e-06,0.01935289055109024,0.9503960609436035,0.08221647888422012,0.1650552898645401,9.60076135925192e-07,9.60076135925192e-07,0.23114393651485443,0.0010411628754809499,0.01407989114522934,9.876086615179247e-10,0.02463269606232643
2803_0.88_0.78.png,39.79964828491211,40.11830139160156,0.3186531066894531,0.9976288080215454,0.9976649284362793,3.612041473388672e-05,0.02946949005126953,0.04086041450500488,none,,False,0.5423150658607483,0.008084402419626713,,,1.0,,,,,,,,,,,,,,,,,,,,,,,,,,,,,,,,,,,,,,,,,,,fallback,2803_0.88_0.78.png,True,0.5423150658607483,0.008084402419626713,2.2022738456726074,1.1245988607406616,1.0,0.5245148539543152,0.5565612316131592,0.5456706881523132,0.1761554330587387,0.0038577390369027853,0.013520040549337864,0.007654228247702122,0.4625788629055023,0.4841267466545105,0.48524925112724304,0.17081516981124878,0.0013352573150768876,0.0009641707292757928,0.00047423955402337015,0.6950368285179138,0.14224453270435333,0.21884194016456604,0.044746529310941696,0.9549223184585571,0.9628654718399048,0.017807049676775932,0.9545989036560059,0.955692708492279,0.004017110913991928,0.9520632028579712,0.9522289037704468,0.0014294259017333388,0.0,0.000907463429030031,0.01968282274901867,6.510416824312415e-06,0.01775141805410385,0.950410783290863,0.0795041024684906,0.18584449589252472,6.14797386333521e-07,6.14797386333521e-07,0.21860074996948242,0.000907463429030031,0.01968282274901867,6.479515812785053e-10,0.02477378025650978
2816_0.98_1.25.png,40.3681755065918,40.59349060058594,0.22531509399414062,0.9962124228477478,0.9962462782859802,3.3855438232421875e-05,0.02940535545349121,0.037793636322021484,none,,False,0.5142645835876465,0.015731636434793472,,,1.0,,,,,,,,,,,,,,,,,,,,,,,,,,,,,,,,,,,,,,,,,,,fallback,2816_0.98_1.25.png,True,0.5142645835876465,0.015731636434793472,2.7424049377441406,0.9535696506500244,1.0,0.5086072087287903,0.5560213923454285,0.5301836133003235,0.20542262494564056,0.0034397649578750134,0.009860789403319359,0.005345959682017565,0.4590355157852173,0.484095960855484,0.48148468136787415,0.1884666085243225,0.0014059275854378939,0.0011335867457091808,0.0005547358887270093,0.5153488516807556,0.18124490976333618,0.21115891635417938,0.044633615761995316,0.9542784094810486,0.9596839547157288,0.012399095110595226,0.9545474648475647,0.955670177936554,0.0035296003334224224,0.9520533680915833,0.9522144198417664,0.0014545685844495893,0.0,0.0010340651497244835,0.018319156020879745,9.765624781721272e-06,0.019345715641975403,0.9502378702163696,0.07549969851970673,0.20313003659248352,5.122794277667708e-07,5.122794277667708e-07,0.2109064906835556,0.0010340651497244835,0.018319156020879745,5.440171646498015e-10,0.024102162569761276
2817_0.68_1.71.png,36.559837341308594,37.60482406616211,1.0449867248535156,0.9939782023429871,0.9942711591720581,0.0002929568290710449,0.026487112045288086,0.040791988372802734,none,,False,0.42447030544281006,0.007846221327781677,,,0.9973856806755066,,,,,,,,,,,,,,,,,,,,,,,,,,,,,,,,,,,,,,,,,,,fallback,2817_0.68_1.71.png,True,0.42447030544281006,0.007846221327781677,2.616656541824341,1.584243893623352,0.9973856806755066,0.5154047012329102,0.5566379427909851,0.5366970896720886,0.19912615418434143,0.004270478151738644,0.014475787989795208,0.007919938303530216,0.45861777663230896,0.4847659170627594,0.4810658395290375,0.1867288500070572,0.0014418226201087236,0.0012153893476352096,0.0005875981878489256,0.44847026467323303,0.260621577501297,0.2718486189842224,0.08147192001342773,0.9541464447975159,0.9643115401268005,0.01414631586521864,0.9545361399650574,0.9560652375221252,0.0034920836333185434,0.9520548582077026,0.9522713422775269,0.0015082545578479767,0.0,0.0016130199655890465,0.022558806464076042,0.0003906250058207661,0.023163901641964912,0.9502983093261719,0.09034780412912369,0.24087177217006683,9.077764389076037e-07,9.077764389076037e-07,0.27164730429649353,0.0016130199655890465,0.022558806464076042,1.1346872330619817e-09,0.024448944255709648
281_0.93_1.17.png,34.778133392333984,35.03363800048828,0.2555046081542969,0.9941679239273071,0.9942070245742798,3.910064697265625e-05,0.017751455307006836,0.02541494369506836,none,,False,0.5980444550514221,0.022938666865229607,,,0.9607843160629272,,,,,,,,,,,,,,,,,,,,,,,,,,,,,,,,,,,,,,,,,,,fallback,281_0.93_1.17.png,True,0.5980444550514221,0.022938666865229607,1.0065877437591553,0.9523585438728333,0.9607843160629272,0.48521822690963745,0.5504793524742126,0.505273699760437,0.17042341828346252,0.0035951710306108,0.012048699893057346,0.006174874026328325,0.41707372665405273,0.48347949981689453,0.437508761882782,0.16033977270126343,0.0013089798158034682,0.0010001627961173654,0.0004386586369946599,0.31816565990448,0.1817937046289444,0.2358396202325821,0.05095725506544113,0.9533759951591492,0.9577045440673828,0.009421521797776222,0.9545862674713135,0.9558541178703308,0.003335634246468544,0.9520668387413025,0.9523236751556396,0.001459362800233066,0.0,0.0009307818254455924,0.08405540883541107,0.006622133776545525,0.01849663443863392,0.950107991695404,0.059423718601465225,0.24915048480033875,7.768307455080503e-07,7.768307455080503e-07,0.23563598096370697,0.0009307818254455924,0.08405540883541107,1.3361149964197239e-09,0.024564972147345543
2823_0.69_0.64.png,44.930274963378906,44.570640563964844,-0.3596343994140625,0.9984029531478882,0.998368501663208,-3.445148468017578e-05,0.024663209915161133,0.03601264953613281,none,,False,0.5084311366081238,0.0127713056281209,,,1.0,,,,,,,,,,,,,,,,,,,,,,,,,,,,,,,,,,,,,,,,,,,fallback,2823_0.69_0.64.png,True,0.5084311366081238,0.0127713056281209,2.275408983230591,1.593416452407837,1.0,0.5253565311431885,0.5570232272148132,0.5465453267097473,0.19427236914634705,0.003948357421904802,0.013753414154052734,0.007678660098463297,0.46431297063827515,0.4838414788246155,0.4870666563510895,0.1897737830877304,0.0013588509755209088,0.0010261476272717118,0.0005034175701439381,0.4266544580459595,0.18461167812347412,0.2561592161655426,0.05604879558086395,0.9541293382644653,0.9624139666557312,0.011556022800505161,0.954605758190155,0.9557257890701294,0.0036123141180723906,0.9520646333694458,0.9522131085395813,0.0014788889093324542,0.0,0.0008872997714206576,0.02293269708752632,1.302083364862483e-05,0.01847296766936779,0.9502488970756531,0.06880682706832886,0.18981342017650604,9.433640002498578e-07,9.433640002498578e-07,0.25594183802604675,0.0008872997714206576,0.02293269708752632,7.207924257457421e-10,0.0248086079955101
2826_0.56_1.05.png,44.718345642089844,44.9039306640625,0.18558502197265625,0.9974977970123291,0.9975182414054871,2.0444393157958984e-05,0.027012348175048828,0.041123390197753906,none,,False,0.38195934891700745,0.007737122476100922,,,0.9764706492424011,,,,,,,,,,,,,,,,,,,,,,,,,,,,,,,,,,,,,,,,,,,fallback,2826_0.56_1.05.png,True,0.38195934891700745,0.007737122476100922,2.551933765411377,1.1519111394882202,0.9764706492424011,0.5034013390541077,0.5560585856437683,0.5250560641288757,0.18405145406723022,0.0032593347132205963,0.00827014446258545,0.004428630694746971,0.45706555247306824,0.4840717911720276,0.47940775752067566,0.17588579654693604,0.0014135327655822039,0.0011739868205040693,0.0005677050212398171,0.5749295949935913,0.1675032675266266,0.23603276908397675,0.05091412365436554,0.954315185546875,0.959602415561676,0.013286573812365532,0.9544728994369507,0.9558205604553223,0.0035189029294997454,0.9520496129989624,0.9522702693939209,0.0013854698045179248,0.0,0.0016245919978246093,0.018474625423550606,9.11458337213844e-05,0.025598155334591866,0.9503967761993408,0.10113902390003204,0.1846272349357605,6.174471423037176e-07,6.174471423037176e-07,0.2358161211013794,0.0016245919978246093,0.018474625423550606,1.0451653986720544e-09,0.024855783209204674
2829_0.7_0.68.png,46.52927780151367,46.817481994628906,0.2882041931152344,0.9988848567008972,0.9989120364189148,2.7179718017578125e-05,0.028337478637695312,0.037906646728515625,none,,False,0.45254966616630554,0.0169337447732687,,,1.0,,,,,,,,,,,,,,,,,,,,,,,,,,,,,,,,,,,,,,,,,,,fallback,2829_0.7_0.68.png,True,0.45254966616630554,0.0169337447732687,2.5458321571350098,1.5662565231323242,1.0,0.5180113911628723,0.5569918751716614,0.5391570925712585,0.19083568453788757,0.0036534604150801897,0.01205851137638092,0.006659830920398235,0.4576457440853119,0.48259809613227844,0.4800643026828766,0.17656338214874268,0.0013477056054398417,0.0010103997774422169,0.0004923554370179772,0.6712267994880676,0.17448627948760986,0.21036888659000397,0.05709010735154152,0.9546791911125183,0.960981547832489,0.015457309782505035,0.9546368718147278,0.9564775824546814,0.004059733357280493,0.9520610570907593,0.9522185921669006,0.0014219004660844803,0.0,0.001281578792259097,0.012181487865746021,0.00011067708692280576,0.020602500066161156,0.950419008731842,0.0910569354891777,0.1778993159532547,7.462463145202491e-07,7.462463145202491e-07,0.21008853614330292,0.001281578792259097,0.012181487865746021,9.33771837630104e-10,0.024372508749365807
282_0.95_1.38.png,33.92241668701172,34.126163482666016,0.20374679565429688,0.9923535585403442,0.992320716381073,-3.2842159271240234e-05,0.01764655113220215,0.027306556701660156,none,,False,0.6385712027549744,0.020419545471668243,,,0.9699346423149109,,,,,,,,,,,,,,,,,,,,,,,,,,,,,,,,,,,,,,,,,,,fallback,282_0.95_1.38.png,True,0.6385712027549744,0.020419545471668243,1.0149455070495605,0.9578829407691956,0.9699346423149109,0.48576247692108154,0.5509994029998779,0.505846381187439,0.17041294276714325,0.0036000190302729607,0.012060272507369518,0.006189296953380108,0.41772356629371643,0.4835522472858429,0.4381898045539856,0.16032260656356812,0.0013110131258144975,0.0010028252145275474,0.0004404796054586768,0.28379493951797485,0.18044941127300262,0.23979011178016663,0.04899151250720024,0.9532387852668762,0.9579975605010986,0.009412027895450592,0.9545432925224304,0.9558430910110474,0.0033130475785583258,0.9520680904388428,0.9523333311080933,0.0014848130522295833,0.0,0.0007769358926452696,0.0823243036866188,0.005524223670363426,0.017014872282743454,0.9500570893287659,0.052553921937942505,0.24466414749622345,8.163440838870883e-07,8.163440838870883e-07,0.2395969182252884,0.0007769358926452696,0.0823243036866188,1.2294149032143764e-09,0.024540843442082405
2831_0.91_0.62.png,44.75242614746094,44.84361267089844,0.0911865234375,0.998551070690155,0.9985815286636353,3.045797348022461e-05,0.02698349952697754,0.0408174991607666,none,,False,0.4669198989868164,0.01704907789826393,,,1.0,,,,,,,,,,,,,,,,,,,,,,,,,,,,,,,,,,,,,,,,,,,fallback,2831_0.91_0.62.png,True,0.4669198989868164,0.01704907789826393,2.5511562824249268,1.5436021089553833,1.0,0.5182011127471924,0.5568538308143616,0.5393491983413696,0.19255049526691437,0.0036568213254213333,0.01208779588341713,0.006683437153697014,0.457690954208374,0.48264092206954956,0.4801118075847626,0.17673461139202118,0.0013477042084559798,0.0010096783516928554,0.000491912302095443,0.6926855444908142,0.1675957292318344,0.19647911190986633,0.05151030048727989,0.9547410011291504,0.9610821008682251,0.015339517965912819,0.9546377062797546,0.9562279582023621,0.004103709012269974,0.9520609974861145,0.9522171020507812,0.00142646802123636,0.0,0.0012579860631376505,0.012271043844521046,0.00011067708692280576,0.020109346136450768,0.9504151940345764,0.09010190516710281,0.18091873824596405,6.528959488605324e-07,6.528959488605324e-07,0.19619713723659515,0.0012579860631376505,0.012271043844521046,7.91567755786815e-10,0.023808930069208145
283_0.71_1.63.png,35.860008239746094,35.83236312866211,-0.027645111083984375,0.9936842322349548,0.9935943484306335,-8.988380432128906e-05,0.0177004337310791,0.02598738670349121,none,,False,0.616368293762207,0.02120981365442276,,,0.943790853023529,,,,,,,,,,,,,,,,,,,,,,,,,,,,,,,,,,,,,,,,,,,fallback,283_0.71_1.63.png,True,0.616368293762207,0.02120981365442276,1.0079492330551147,0.9506916999816895,0.943790853023529,0.48678335547447205,0.5511537194252014,0.5068469643592834,0.17023134231567383,0.0036148885264992714,0.012212911620736122,0.006261325441300869,0.417792409658432,0.4834500253200531,0.438264936208725,0.16007550060749054,0.0013063371879979968,0.0009933678666129708,0.00043659063521772623,0.28015953302383423,0.18545684218406677,0.25131767988204956,0.060016971081495285,0.9533077478408813,0.9577228426933289,0.009237765334546566,0.9545480608940125,0.9558042287826538,0.003226508153602481,0.9520679116249084,0.9523235559463501,0.0014738396275788546,0.0,0.0007867706590332091,0.07889778167009354,0.004807692486792803,0.017298566177487373,0.9500730037689209,0.05403642728924751,0.24237266182899475,8.356547596122255e-07,8.356547596122255e-07,0.2511228322982788,0.0007867706590332091,0.07889778167009354,1.1657120824182243e-09,0.02467980794608593
2844_0.58_0.74.png,44.346927642822266,45.11320114135742,0.7662734985351562,0.9981057047843933,0.9981551170349121,4.941225051879883e-05,0.027120351791381836,0.03577446937561035,none,,False,0.3863723576068878,0.010755794122815132,,,0.9973856806755066,,,,,,,,,,,,,,,,,,,,,,,,,,,,,,,,,,,,,,,,,,,fallback,2844_0.58_0.74.png,True,0.3863723576068878,0.010755794122815132,3.3094186782836914,1.2692859172821045,0.9973856806755066,0.512013852596283,0.5531677603721619,0.5336137413978577,0.1995977908372879,0.0032163362484425306,0.009060755372047424,0.004942408762872219,0.46438488364219666,0.4832109808921814,0.4871028661727905,0.19442236423492432,0.0013692510547116399,0.0010450583649799228,0.0005159314605407417,0.6161599159240723,0.18155619502067566,0.2276044338941574,0.054668206721544266,0.9545231461524963,0.9604511260986328,0.014165304601192474,0.9545813202857971,0.956058919429779,0.0036828082520514727,0.9520537257194519,0.9522015452384949,0.0013845283538103104,0.0,0.0015255274483934045,0.016619715839624405,0.00021158854360692203,0.02402966469526291,0.9504138231277466,0.10002029687166214,0.20926699042320251,6.580938247680024e-07,6.580938247680024e-07,0.22734396159648895,0.0015255274483934045,0.016619715839624405,1.0518707016515805e-09,0.0246698260307312
2845_0.61_0.81.png,45.541351318359375,45.28630065917969,-0.2550506591796875,0.9984408617019653,0.9984757900238037,3.4928321838378906e-05,0.028305768966674805,0.04045224189758301,none,,False,0.39655816555023193,0.008637625724077225,,,1.0,,,,,,,,,,,,,,,,,,,,,,,,,,,,,,,,,,,,,,,,,,,fallback,2845_0.61_0.81.png,True,0.39655816555023193,0.008637625724077225,1.95411217212677,1.236583948135376,1.0,0.5227020382881165,0.5569766163825989,0.5438120365142822,0.20577016472816467,0.0036760298535227776,0.012867740355432034,0.00708033749833703,0.4602828025817871,0.48287728428840637,0.4828416109085083,0.191009059548378,0.0013160522794350982,0.0009198582265526056,0.0004508023557718843,0.5800766944885254,0.1714935451745987,0.23645131289958954,0.05022236704826355,0.9544517993927002,0.9597761631011963,0.012860847637057304,0.9545735716819763,0.9558368921279907,0.003782016457989812,0.9520646333694458,0.9522165656089783,0.0014423956163227558,0.0,0.0011904728598892689,0.013634706847369671,3.2552084121562075e-06,0.021212968975305557,0.9503628611564636,0.08831877261400223,0.17080169916152954,9.023045777212246e-07,9.023045777212246e-07,0.23623159527778625,0.0011904728598892689,0.013634706847369671,1.0304542774619563e-09,0.024786250665783882
2851_0.6_1.41.png,40.64601135253906,41.36153793334961,0.7155265808105469,0.9961764216423035,0.9964095950126648,0.00023317337036132812,0.029503822326660156,0.037082672119140625,none,,False,0.4191754162311554,0.006531464401632547,,,1.0,,,,,,,,,,,,,,,,,,,,,,,,,,,,,,,,,,,,,,,,,,,fallback,2851_0.6_1.41.png,True,0.4191754162311554,0.006531464401632547,1.8229467868804932,1.4300918579101562,1.0,0.5280244946479797,0.5553645491600037,0.5489196181297302,0.2074662446975708,0.004034740850329399,0.015113445930182934,0.008378129452466965,0.46039459109306335,0.4832333028316498,0.48297664523124695,0.19226887822151184,0.001308576320298016,0.0009036246920004487,0.0004410191613715142,0.34101593494415283,0.15558260679244995,0.2844950556755066,0.045887578278779984,0.9539982080459595,0.9598050713539124,0.011477150954306126,0.9544822573661804,0.9561339616775513,0.004231890197843313,0.9520688056945801,0.9522504210472107,0.0015150917461141944,0.0,0.0007387371733784676,0.01608266867697239,0.0007584635750390589,0.01942121423780918,0.950231671333313,0.06620407104492188,0.1579107791185379,1.1616623396548675e-06,1.1616623396548675e-06,0.284331738948822,0.0007387371733784676,0.01608266867697239,1.0759566571039159e-09,0.024816904217004776
285_0.79_0.85.png,36.2833251953125,36.09653091430664,-0.18679428100585938,0.9971067309379578,0.9971094131469727,2.682209014892578e-06,0.018674373626708984,0.024729251861572266,none,,False,0.4684077203273773,0.014079861342906952,,,0.9503268599510193,,,,,,,,,,,,,,,,,,,,,,,,,,,,,,,,,,,,,,,,,,,fallback,285_0.79_0.85.png,True,0.4684077203273773,0.014079861342906952,1.793817162513733,1.6782273054122925,0.9503268599510193,0.5035334825515747,0.5526195168495178,0.5248066186904907,0.16371193528175354,0.004234259016811848,0.01400190033018589,0.007506744470447302,0.4478093981742859,0.48435625433921814,0.4697062075138092,0.15594956278800964,0.0014829550636932254,0.0013074320740997791,0.0006139280158095062,0.5361021161079407,0.26749181747436523,0.2347608506679535,0.06112685054540634,0.9543069005012512,0.9597945213317871,0.012731769122183323,0.9547016620635986,0.9558339715003967,0.003921567462384701,0.9520533680915833,0.9522831439971924,0.001471994910389185,0.0,0.002168461913242936,0.10942234098911285,0.011782313697040081,0.0256336759775877,0.9503956437110901,0.09962647408246994,0.2786150276660919,5.987570261822839e-07,5.987570261822839e-07,0.23450925946235657,0.002168461913242936,0.10942234098911285,2.788211661552964e-09,0.02497827634215355
2860_0.92_0.66.png,46.64900207519531,46.859519958496094,0.21051788330078125,0.9978219270706177,0.9980548620223999,0.00023293495178222656,0.026376962661743164,0.0353090763092041,none,,False,0.45623570680618286,0.012967109680175781,,,1.0,,,,,,,,,,,,,,,,,,,,,,,,,,,,,,,,,,,,,,,,,,,fallback,2860_0.92_0.66.png,True,0.45623570680618286,0.012967109680175781,2.803722858428955,1.2744015455245972,1.0,0.5208818316459656,0.5567750930786133,0.542089581489563,0.17349709570407867,0.003601981559768319,0.012408185750246048,0.006823643110692501,0.46128860116004944,0.4838140606880188,0.48388671875,0.16573821008205414,0.0013329277280718088,0.000947817403357476,0.0004667581233661622,0.6919950842857361,0.15515992045402527,0.19313636422157288,0.053927186876535416,0.954439640045166,0.962230384349823,0.012685142457485199,0.9546507000923157,0.9562525749206543,0.004143405240029097,0.9520630240440369,0.9522307515144348,0.001433960860595107,0.0,0.001104589318856597,0.015682261437177658,6.510416824312415e-06,0.019827857613563538,0.9503821730613708,0.08622290194034576,0.16463437676429749,6.452315233218542e-07,6.452315233218542e-07,0.192864790558815,0.001104589318856597,0.015682261437177658,7.649997857406277e-10,0.022158075124025345
2861_0.72_1.38.png,40.15266799926758,40.32123565673828,0.16856765747070312,0.9978129267692566,0.9978251457214355,1.2218952178955078e-05,0.028264760971069336,0.035384178161621094,none,,False,0.5238947868347168,0.010319333523511887,,,0.9960784316062927,,,,,,,,,,,,,,,,,,,,,,,,,,,,,,,,,,,,,,,,,,,fallback,2861_0.72_1.38.png,True,0.5238947868347168,0.010319333523511887,2.0194315910339355,1.0652912855148315,0.9960784316062927,0.5177782773971558,0.5570315718650818,0.5391422510147095,0.2259463518857956,0.003482296597212553,0.011050988920032978,0.006033879704773426,0.4627430737018585,0.48324769735336304,0.4854015111923218,0.21148623526096344,0.0013476584572345018,0.0009932770626619458,0.0004860020417254418,0.41466665267944336,0.200200155377388,0.2675899863243103,0.050888340920209885,0.9538615942001343,0.9593262672424316,0.011292695067822933,0.9545172452926636,0.956009566783905,0.003473476739600301,0.9520650506019592,0.9522177577018738,0.0014549867482855916,0.0,0.0007533747120760381,0.01308049913495779,0.00011718750465661287,0.018695948645472527,0.9502416849136353,0.06472768634557724,0.17539642751216888,9.899800943458104e-07,9.899800943458104e-07,0.267397940158844,0.0007533747120760381,0.01308049913495779,7.987864258929278e-10,0.02477649599313736
2867_0.81_1.2.png,41.9774169921875,41.826969146728516,-0.15044784545898438,0.9975094795227051,0.9975576400756836,4.8160552978515625e-05,0.02985382080078125,0.03594231605529785,none,,False,0.4947669804096222,0.01127123087644577,,,1.0,,,,,,,,,,,,,,,,,,,,,,,,,,,,,,,,,,,,,,,,,,,fallback,2867_0.81_1.2.png,True,0.4947669804096222,0.01127123087644577,2.175874710083008,1.3565750122070312,1.0,0.5208916068077087,0.5565725564956665,0.5422123670578003,0.2193058878183365,0.0037301310803741217,0.012616653926670551,0.006989398971199989,0.46460476517677307,0.4836234450340271,0.48736023902893066,0.20864027738571167,0.0013538708444684744,0.0009946889476850629,0.00048665207577869296,0.5472183227539062,0.21135614812374115,0.23215307295322418,0.050031766295433044,0.9542093873023987,0.9606841802597046,0.013506969437003136,0.9544884562492371,0.9557576179504395,0.00363269099034369,0.9520611763000488,0.9521836042404175,0.0014713326236233115,0.0,0.0008820899529382586,0.015867847949266434,3.2552084121562075e-06,0.018378932029008865,0.950287938117981,0.07340537011623383,0.15493103861808777,7.684922138651018e-07,7.684922138651018e-07,0.23190908133983612,0.0008820899529382586,0.015867847949266434,6.64985733145329e-10,0.024326061829924583
2869_0.8_0.83.png,44.701568603515625,44.77833557128906,0.0767669677734375,0.9987071752548218,0.998729407787323,2.2232532501220703e-05,0.029097318649291992,0.036135196685791016,none,,False,0.557244062423706,0.007920247502624989,,,1.0,,,,,,,,,,,,,,,,,,,,,,,,,,,,,,,,,,,,,,,,,,,fallback,2869_0.8_0.83.png,True,0.557244062423706,0.007920247502624989,2.483976125717163,1.2004319429397583,1.0,0.5168315768241882,0.5564624667167664,0.5382423996925354,0.19016820192337036,0.0035050809383392334,0.011350968852639198,0.006329005118459463,0.4620092511177063,0.48425382375717163,0.48462626338005066,0.18505968153476715,0.0013540511718019843,0.0009892442030832171,0.0004858957836404443,0.6143432855606079,0.13675379753112793,0.2123633772134781,0.03740650787949562,0.9547978043556213,0.9617594480514526,0.015745189040899277,0.9545010328292847,0.9554952383041382,0.003522729268297553,0.9520572423934937,0.9522152543067932,0.001416533486917615,0.0,0.0007457583560608327,0.009456017054617405,0.0,0.017455365508794785,0.9503033757209778,0.07273504137992859,0.12154237926006317,4.3922958070652385e-07,4.3922958070652385e-07,0.2121315747499466,0.0007457583560608327,0.009456017054617405,4.579800427784164e-10,0.02462751232087612
2883_0.9_0.76.png,42.137088775634766,42.33916473388672,0.20207595825195312,0.9979676008224487,0.9978955984115601,-7.200241088867188e-05,0.02456045150756836,0.03597116470336914,none,,False,0.46634262800216675,0.009294062852859497,,,1.0,,,,,,,,,,,,,,,,,,,,,,,,,,,,,,,,,,,,,,,,,,,fallback,2883_0.9_0.76.png,True,0.46634262800216675,0.009294062852859497,2.473538637161255,1.2052764892578125,1.0,0.5211406350135803,0.5562030673027039,0.5424443483352661,0.17538265883922577,0.0037354128435254097,0.012757905758917332,0.007095308508723974,0.4625812768936157,0.48445072770118713,0.4852387607097626,0.1654585301876068,0.0013479960616678,0.0009818850085139275,0.00048363726818934083,0.6087743043899536,0.14987589418888092,0.221062570810318,0.042443085461854935,0.954596757888794,0.96138995885849,0.014269405044615269,0.9545873403549194,0.956124484539032,0.004044405650347471,0.952059268951416,0.9522235989570618,0.0014421186642721295,0.0,0.0008976056124083698,0.016527708619832993,3.2552084121562075e-06,0.01897112838923931,0.9503355622291565,0.0794176235795021,0.16636955738067627,6.265784691095178e-07,6.265784691095178e-07,0.22084735333919525,0.0008976056124083698,0.016527708619832993,6.294023080499755e-10,0.023774567991495132
2888_0.93_0.59.png,44.637176513671875,44.66071319580078,0.02353668212890625,0.9971844553947449,0.9970376491546631,-0.0001468062400817871,0.026468515396118164,0.03535723686218262,none,,False,0.5459620952606201,0.014575555920600891,,,1.0,,,,,,,,,,,,,,,,,,,,,,,,,,,,,,,,,,,,,,,,,,,fallback,2888_0.93_0.59.png,True,0.5459620952606201,0.014575555920600891,2.4704601764678955,1.7358829975128174,1.0,0.5226829648017883,0.556492030620575,0.543894350528717,0.19103766977787018,0.003786855610087514,0.013043624348938465,0.007237685844302177,0.462279736995697,0.484393835067749,0.48492950201034546,0.18639443814754486,0.001345811178907752,0.0009890724904835224,0.0004873979196418077,0.5237066745758057,0.1896437257528305,0.2187960296869278,0.052557118237018585,0.9541289210319519,0.959821879863739,0.012260381132364273,0.9545798897743225,0.9555939435958862,0.0038936396595090628,0.9520627856254578,0.9521970152854919,0.0014892143663018942,0.0,0.0007799814338795841,0.009659531526267529,0.0,0.017153730615973473,0.9502472877502441,0.06643811613321304,0.20053307712078094,7.552470151495072e-07,7.552470151495072e-07,0.2185467630624771,0.0007799814338795841,0.009659531526267529,4.926425933859946e-10,0.02233198471367359
2890_0.79_1.15.png,42.37757873535156,42.21886444091797,-0.15871429443359375,0.998375415802002,0.9983812570571899,5.841255187988281e-06,0.02818465232849121,0.04026675224304199,none,,False,0.5137571096420288,0.010572044178843498,,,1.0,,,,,,,,,,,,,,,,,,,,,,,,,,,,,,,,,,,,,,,,,,,fallback,2890_0.79_1.15.png,True,0.5137571096420288,0.010572044178843498,2.829220771789551,0.8595647215843201,1.0,0.5205425024032593,0.55292809009552,0.5418232083320618,0.19669026136398315,0.0035020725335925817,0.011725247837603092,0.006433310452848673,0.4621915817260742,0.4827003479003906,0.4848318099975586,0.1782369762659073,0.0013241085689514875,0.0009326609433628619,0.00045938443508930504,0.6250777840614319,0.21470218896865845,0.21758052706718445,0.060862842947244644,0.954408586025238,0.9627706408500671,0.014823929406702518,0.9545583128929138,0.955710768699646,0.003837303025647998,0.9520624279975891,0.9522192478179932,0.001413585850968957,0.0,0.0010476066963747144,0.008215149864554405,0.0,0.019313735887408257,0.9503665566444397,0.08244316279888153,0.13861218094825745,6.593198236259923e-07,6.593198236259923e-07,0.2173425853252411,0.0010476066963747144,0.008215149864554405,5.760727450621062e-10,0.024357037618756294
2894_0.56_1.76.png,33.58978271484375,33.071929931640625,-0.517852783203125,0.992827832698822,0.9927200675010681,-0.00010776519775390625,0.029636383056640625,0.03846478462219238,none,,False,0.5442114472389221,0.010880162008106709,,,0.9960784316062927,,,,,,,,,,,,,,,,,,,,,,,,,,,,,,,,,,,,,,,,,,,fallback,2894_0.56_1.76.png,True,0.5442114472389221,0.010880162008106709,2.74737548828125,1.5445899963378906,0.9960784316062927,0.5125022530555725,0.5568841099739075,0.5340082049369812,0.18142879009246826,0.0035937398206442595,0.010917062871158123,0.006062894593924284,0.46280530095100403,0.48430439829826355,0.48544734716415405,0.1789156198501587,0.0014016911154612899,0.0011140293208882213,0.0005442069377750158,0.5123286247253418,0.2516605257987976,0.2527640461921692,0.06235143914818764,0.9544892311096191,0.9614428281784058,0.01691328175365925,0.9544920325279236,0.9557566046714783,0.0035511681344360113,0.9520550966262817,0.952335774898529,0.0014081125846132636,0.0,0.0010246847523376346,0.014341329224407673,0.00024739583022892475,0.020598525181412697,0.9503527879714966,0.07956313341856003,0.17292484641075134,7.1433748871641e-07,7.1433748871641e-07,0.25254330039024353,0.0010246847523376346,0.014341329224407673,8.476863655459965e-10,0.02480589970946312
2897_0.75_1.35.png,37.60375213623047,38.065399169921875,0.46164703369140625,0.9950277805328369,0.9951404333114624,0.00011265277862548828,0.029546260833740234,0.040619611740112305,none,,False,0.5380714535713196,0.00849337037652731,,,1.0,,,,,,,,,,,,,,,,,,,,,,,,,,,,,,,,,,,,,,,,,,,fallback,2897_0.75_1.35.png,True,0.5380714535713196,0.00849337037652731,2.1799426078796387,1.697972059249878,1.0,0.5235985517501831,0.5570669770240784,0.5445835590362549,0.20009753108024597,0.004069785587489605,0.014982637017965317,0.008279010653495789,0.4584682285785675,0.484849214553833,0.48094138503074646,0.18327957391738892,0.0013476181775331497,0.00098625966347754,0.00047466150135733187,0.3277997374534607,0.19222544133663177,0.29247310757637024,0.05509670451283455,0.9537887573242188,0.9598034024238586,0.011962572112679482,0.9545180201530457,0.9558506011962891,0.003654146334156394,0.9520636200904846,0.952250063419342,0.0015278728678822517,0.0,0.0005333003937266767,0.021081896498799324,0.00016601562674622983,0.015874866396188736,0.9501157402992249,0.05437683314085007,0.15216369926929474,9.939010396919912e-07,9.939010396919912e-07,0.29230037331581116,0.0005333003937266767,0.021081896498799324,5.890496423965885e-10,0.02474255859851837
2911_0.55_1.26.png,45.013092041015625,45.287479400634766,0.2743873596191406,0.9976787567138672,0.9977135062217712,3.4749507904052734e-05,0.028839588165283203,0.03685474395751953,none,,False,0.46743470430374146,0.008240378461778164,,,0.9843137264251709,,,,,,,,,,,,,,,,,,,,,,,,,,,,,,,,,,,,,,,,,,,fallback,2911_0.55_1.26.png,True,0.46743470430374146,0.008240378461778164,2.308159589767456,1.9540475606918335,0.9843137264251709,0.5246891379356384,0.5559688210487366,0.5457665324211121,0.1895478367805481,0.004061316139996052,0.014685643836855888,0.008065389469265938,0.462815523147583,0.48487818241119385,0.4854985773563385,0.187885582447052,0.001353051862679422,0.0009997034212574363,0.0004931867006234825,0.42051225900650024,0.23845599591732025,0.26377296447753906,0.06372926384210587,0.9540894627571106,0.9605002999305725,0.012603123672306538,0.9545041918754578,0.9557854533195496,0.004409309476613998,0.9520713686943054,0.9523079991340637,0.0015257196500897408,0.0,0.0008281905902549624,0.017819151282310486,0.00044921875814907253,0.019855767488479614,0.9503241181373596,0.06892666965723038,0.17625650763511658,1.4153027905194904e-06,1.4153027905194904e-06,0.2635889947414398,0.0008281905902549624,0.017819151282310486,1.2157951312374848e-09,0.023309554904699326
2912_0.99_0.95.png,42.44367599487305,42.417720794677734,-0.0259552001953125,0.9964556097984314,0.9964919090270996,3.629922866821289e-05,0.02436041831970215,0.04105806350708008,none,,False,0.5884310007095337,0.009173098020255566,,,1.0,,,,,,,,,,,,,,,,,,,,,,,,,,,,,,,,,,,,,,,,,,,fallback,2912_0.99_0.95.png,True,0.5884310007095337,0.009173098020255566,2.3047938346862793,1.9172484874725342,1.0,0.5250680446624756,0.5558348298072815,0.5461941957473755,0.181331604719162,0.004036266822367907,0.014527884311974049,0.00805236678570509,0.4632003903388977,0.4847572445869446,0.48590049147605896,0.1773386150598526,0.0013553097378462553,0.0010024311486631632,0.0004933273885399103,0.4851182699203491,0.21787256002426147,0.22342202067375183,0.04527200385928154,0.954029381275177,0.9602274894714355,0.011704286560416222,0.9545301795005798,0.9556563496589661,0.00403205631300807,0.9520679712295532,0.9522095322608948,0.0015734771732240915,0.0,0.0005155266262590885,0.009955120272934437,0.0,0.01496494933962822,0.9502080678939819,0.05424291267991066,0.17737117409706116,1.055408233696653e-06,1.055408233696653e-06,0.22320781648159027,0.0005155266262590885,0.009955120272934437,4.189409930077659e-10,0.022066371515393257
2916_0.62_1.39.png,41.433433532714844,41.17039489746094,-0.26303863525390625,0.9976754188537598,0.997679591178894,4.172325134277344e-06,0.026362895965576172,0.0372927188873291,none,,False,0.46463173627853394,0.011898397468030453,,,1.0,,,,,,,,,,,,,,,,,,,,,,,,,,,,,,,,,,,,,,,,,,,fallback,2916_0.62_1.39.png,True,0.46463173627853394,0.011898397468030453,2.4584004878997803,1.2558923959732056,1.0,0.5021580457687378,0.552815318107605,0.5238813161849976,0.1850431263446808,0.003559711156412959,0.009404934011399746,0.005032609216868877,0.4591743052005768,0.4847225844860077,0.4816075265407562,0.17868000268936157,0.0014751013368368149,0.0012967856600880623,0.0006327692535705864,0.5128098130226135,0.20309583842754364,0.2277749478816986,0.05938330292701721,0.9540340304374695,0.9597891569137573,0.012513292953372002,0.9545093178749084,0.9557371139526367,0.0034702406264841557,0.9520503878593445,0.9523125290870667,0.0014460154343396425,0.0,0.0014594048261642456,0.019199252128601074,0.00012695313489530236,0.02370872162282467,0.9503344893455505,0.08942078799009323,0.1782168745994568,6.64856372623035e-07,6.64856372623035e-07,0.22755442559719086,0.0014594048261642456,0.019199252128601074,8.896701153560116e-10,0.02353801764547825
291_0.53_1.8.png,38.71638107299805,38.60899353027344,-0.10738754272460938,0.9971156120300293,0.9971407651901245,2.5153160095214844e-05,0.017494678497314453,0.027517318725585938,none,,False,0.5050206184387207,0.02589513547718525,,,0.988235354423523,,,,,,,,,,,,,,,,,,,,,,,,,,,,,,,,,,,,,,,,,,,fallback,291_0.53_1.8.png,True,0.5050206184387207,0.02589513547718525,1.5563427209854126,1.22848641872406,0.988235354423523,0.49605849385261536,0.5520298480987549,0.5170049071311951,0.16701938211917877,0.0037160972133278847,0.011744844727218151,0.006013602949678898,0.4410400986671448,0.4845838248729706,0.46261686086654663,0.1572578400373459,0.0014020378002896905,0.0011482526315376163,0.0005368561251088977,0.3615891635417938,0.24112734198570251,0.27302661538124084,0.07251740247011185,0.953584611415863,0.9602378606796265,0.009807304479181767,0.9544818997383118,0.9556655883789062,0.0033997371792793274,0.9520596265792847,0.9523414373397827,0.0014600020367652178,0.0,0.001097658183425665,0.0719183161854744,0.005015717353671789,0.020424922928214073,0.9502148628234863,0.06980427354574203,0.20128053426742554,8.107055009531905e-07,8.107055009531905e-07,0.2728279232978821,0.001097658183425665,0.0719183161854744,1.6471077834978587e-09,0.024501601234078407
2924_0.9_1.28.png,40.736026763916016,40.61835479736328,-0.11767196655273438,0.9956569075584412,0.9956874847412109,3.057718276977539e-05,0.02703714370727539,0.0410761833190918,none,,False,0.5639691948890686,0.009494287893176079,,,1.0,,,,,,,,,,,,,,,,,,,,,,,,,,,,,,,,,,,,,,,,,,,fallback,2924_0.9_1.28.png,True,0.5639691948890686,0.009494287893176079,2.8331406116485596,1.498051404953003,1.0,0.5059202313423157,0.5530374050140381,0.527631938457489,0.18010827898979187,0.0035445226822048426,0.00984558742493391,0.005380451213568449,0.46200400590896606,0.48449236154556274,0.48458242416381836,0.17281441390514374,0.0014559839619323611,0.0012433330994099379,0.0006086427019909024,0.6692707538604736,0.216318741440773,0.20488299429416656,0.04444845765829086,0.9548251628875732,0.9604743123054504,0.020328393206000328,0.9544392228126526,0.9555380940437317,0.0040414901450276375,0.9520474672317505,0.9522225260734558,0.001427358016371727,0.0,0.001197196077555418,0.018978262320160866,9.11458337213844e-05,0.01987805962562561,0.9504187703132629,0.08713279664516449,0.19073143601417542,5.852715503351646e-07,5.852715503351646e-07,0.2046375572681427,0.001197196077555418,0.018978262320160866,8.650828386969067e-10,0.024352457374334335
2925_0.64_1.85.png,36.770843505859375,37.471439361572266,0.7005958557128906,0.9922916293144226,0.9925929307937622,0.0003013014793395996,0.027585268020629883,0.037256479263305664,none,,False,0.5265815854072571,0.005099644884467125,,,0.9803921580314636,,,,,,,,,,,,,,,,,,,,,,,,,,,,,,,,,,,,,,,,,,,fallback,2925_0.64_1.85.png,True,0.5265815854072571,0.005099644884467125,2.308140993118286,0.9644061923027039,0.9803921580314636,0.5030577182769775,0.5555558800697327,0.5252225995063782,0.1782127022743225,0.0036000641994178295,0.008904797025024891,0.0046632662415504456,0.46978169679641724,0.48488885164260864,0.4927101731300354,0.16866280138492584,0.0015314178308472037,0.0014088802272453904,0.0007011100533418357,0.22085577249526978,0.10054150968790054,0.31535738706588745,0.044567473232746124,0.9534867405891418,0.9625501036643982,0.009054478257894516,0.9543636441230774,0.955727219581604,0.0029222166631370783,0.9520476460456848,0.9522531032562256,0.0015129190869629383,0.0,0.0005734930164180696,0.012995108030736446,3.2552084121562075e-06,0.018441004678606987,0.9500406384468079,0.05412328243255615,0.10593125224113464,5.539279186450585e-07,5.539279186450585e-07,0.31524160504341125,0.0005734930164180696,0.012995108030736446,3.938001036374317e-10,0.02491660974919796
2926_0.6_1.32.png,39.29703140258789,39.625213623046875,0.3281822204589844,0.995622992515564,0.9957402944564819,0.00011730194091796875,0.027690649032592773,0.04073286056518555,none,,False,0.45728448033332825,0.006189686246216297,,,0.9777778387069702,,,,,,,,,,,,,,,,,,,,,,,,,,,,,,,,,,,,,,,,,,,fallback,2926_0.6_1.32.png,True,0.45728448033332825,0.006189686246216297,2.476012945175171,0.9759010076522827,0.9777778387069702,0.5009327530860901,0.5546430945396423,0.5231252312660217,0.17998044192790985,0.0035306646022945642,0.008248020894825459,0.0043192156590521336,0.46880635619163513,0.4847370982170105,0.4916827380657196,0.17086154222488403,0.0015374443028122187,0.0014338894980028272,0.0007109869620762765,0.31439295411109924,0.10792432725429535,0.2868419587612152,0.04223077744245529,0.9536899924278259,0.9621027112007141,0.009394016116857529,0.9544152021408081,0.9556238055229187,0.002881160704419017,0.9520434737205505,0.9522443413734436,0.0014535031514242291,0.0,0.0009067152277566493,0.01520321425050497,9.765624781721272e-06,0.021738169714808464,0.9501463174819946,0.0703357383608818,0.12704326212406158,4.532865887085791e-07,4.532865887085791e-07,0.28669673204421997,0.0009067152277566493,0.01520321425050497,4.842981571329119e-10,0.024903349578380585
2927_0.97_0.84.png,40.00672149658203,40.29449462890625,0.28777313232421875,0.9949602484703064,0.9950038194656372,4.357099533081055e-05,0.028403282165527344,0.0377507209777832,none,,False,0.5004658102989197,0.007051453460007906,,,1.0,,,,,,,,,,,,,,,,,,,,,,,,,,,,,,,,,,,,,,,,,,,fallback,2927_0.97_0.84.png,True,0.5004658102989197,0.007051453460007906,2.415593147277832,0.9660072922706604,1.0,0.5017709136009216,0.5543162822723389,0.5239165425300598,0.1807907372713089,0.003477041842415929,0.00817833747714758,0.004348308313637972,0.4681198298931122,0.4844721257686615,0.49096766114234924,0.17170833051204681,0.0015200015623122454,0.0013951436849310994,0.0006934918346814811,0.41720840334892273,0.1162082701921463,0.22871844470500946,0.03765252232551575,0.9539837837219238,0.961559534072876,0.010900675319135189,0.9545301795005798,0.9555315971374512,0.0032232380472123623,0.952043890953064,0.952193021774292,0.001471230061724782,0.0,0.0008418597863055766,0.009974428452551365,0.0,0.01964055933058262,0.9501456618309021,0.06885302066802979,0.13191959261894226,3.983786029948533e-07,3.983786029948533e-07,0.22853590548038483,0.0008418597863055766,0.009974428452551365,3.3962302414813905e-10,0.024007543921470642
2929_0.56_0.77.png,44.70627212524414,45.55339813232422,0.8471260070800781,0.9977051615715027,0.9979332685470581,0.00022810697555541992,0.029462575912475586,0.04102373123168945,none,,False,0.4179125428199768,0.006039148196578026,,,1.0,,,,,,,,,,,,,,,,,,,,,,,,,,,,,,,,,,,,,,,,,,,fallback,2929_0.56_0.77.png,True,0.4179125428199768,0.006039148196578026,2.8395211696624756,1.1831358671188354,1.0,0.507327675819397,0.5560832023620605,0.52916419506073,0.2083117812871933,0.003617997979745269,0.010221368633210659,0.00551524106413126,0.4649547040462494,0.48500028252601624,0.4876718819141388,0.19607114791870117,0.0014717738376930356,0.001254659378901124,0.0006191515130922198,0.5760327577590942,0.16300354897975922,0.23239512741565704,0.04956844449043274,0.9545711278915405,0.9605801105499268,0.015372141264379025,0.9545028805732727,0.9556564688682556,0.0035522731486707926,0.9520473480224609,0.9522340893745422,0.0014260823372751474,0.0,0.0015638982877135277,0.023884374648332596,0.0005729167023673654,0.024367498233914375,0.9503992795944214,0.09842339903116226,0.2122674137353897,5.742447228840319e-07,5.742447228840319e-07,0.2322143316268921,0.0015638982877135277,0.023884374648332596,1.0036278474956362e-09,0.02453295886516571
2935_0.62_0.71.png,42.986026763916016,43.75156784057617,0.7655410766601562,0.9992725849151611,0.9993023872375488,2.9802322387695312e-05,0.029470205307006836,0.03722190856933594,none,,False,0.5586072206497192,0.011228954419493675,,,1.0,,,,,,,,,,,,,,,,,,,,,,,,,,,,,,,,,,,,,,,,,,,fallback,2935_0.62_0.71.png,True,0.5586072206497192,0.011228954419493675,3.062140464782715,1.6546298265457153,1.0,0.5165109634399414,0.5529189109802246,0.5379308462142944,0.18036454916000366,0.003594150533899665,0.011503374204039574,0.0063942973501980305,0.46298685669898987,0.48470860719680786,0.48564982414245605,0.17140038311481476,0.0013713376829400659,0.0010385253699496388,0.0005099354893900454,0.6315265893936157,0.18118733167648315,0.23230840265750885,0.046984389424324036,0.9547398090362549,0.9602372050285339,0.017328519374132156,0.9545584321022034,0.9557665586471558,0.003660221118479967,0.9520583152770996,0.9522281289100647,0.001410492928698659,0.0,0.0009279873338527977,0.012679383158683777,3.2552084121562075e-06,0.018655313178896904,0.9503840804100037,0.07872156798839569,0.1729516088962555,6.330470228022023e-07,6.330470228022023e-07,0.23207004368305206,0.0009279873338527977,0.012679383158683777,6.04565952855296e-10,0.024632953107357025
2940_0.96_0.73.png,42.62324905395508,42.830909729003906,0.20766067504882812,0.9959455728530884,0.9962635040283203,0.0003179311752319336,0.027291059494018555,0.04111194610595703,none,,False,0.5610275268554688,0.01538444310426712,,,1.0,,,,,,,,,,,,,,,,,,,,,,,,,,,,,,,,,,,,,,,,,,,fallback,2940_0.96_0.73.png,True,0.5610275268554688,0.01538444310426712,2.1132519245147705,1.3319638967514038,1.0,0.524856448173523,0.557076096534729,0.545907735824585,0.21564704179763794,0.0037293864879757166,0.013558623380959034,0.007581961341202259,0.4616040587425232,0.48328542709350586,0.4842333197593689,0.1882845163345337,0.0013046019012108445,0.0008735846495255828,0.0004290709912311286,0.5131750106811523,0.1478642225265503,0.2250029593706131,0.045156579464673996,0.9542958736419678,0.9595494866371155,0.012685421854257584,0.9546383619308472,0.9557634592056274,0.003598145442083478,0.9520634412765503,0.9522274732589722,0.0014634086983278394,0.0,0.0007196476217359304,0.016153814271092415,6.510416824312415e-06,0.01658109948039055,0.9502123594284058,0.06587918847799301,0.1996922641992569,6.095012281548406e-07,6.095012281548406e-07,0.22472718358039856,0.0007196476217359304,0.016153814271092415,5.224505272849456e-10,0.02348574623465538
2951_0.89_1.67.png,34.01918029785156,34.390838623046875,0.3716583251953125,0.9908913373947144,0.9910634756088257,0.00017213821411132812,0.024405956268310547,0.035291433334350586,none,,False,0.5096969604492188,0.007429610006511211,,,1.0,,,,,,,,,,,,,,,,,,,,,,,,,,,,,,,,,,,,,,,,,,,fallback,2951_0.89_1.67.png,True,0.5096969604492188,0.007429610006511211,2.5457565784454346,2.0538828372955322,1.0,0.5249688625335693,0.5563359260559082,0.5461047291755676,0.17557546496391296,0.0041279965080320835,0.01508356723934412,0.008378790691494942,0.46194562315940857,0.48486632108688354,0.4845828413963318,0.16971947252750397,0.001359839690849185,0.0010051109129562974,0.0004917108453810215,0.4605308771133423,0.2668014168739319,0.2437082976102829,0.06152954325079918,0.9543107151985168,0.9599226713180542,0.01385406218469143,0.9545329809188843,0.9554955363273621,0.00399442994967103,0.9520620107650757,0.9522147178649902,0.001545259146951139,0.0,0.0008333717123605311,0.014371229335665703,3.2552084121562075e-06,0.017210479825735092,0.9502251744270325,0.06774245202541351,0.1938602179288864,8.433663083451393e-07,8.433663083451393e-07,0.24350950121879578,0.0008333717123605311,0.014371229335665703,5.654439139135548e-10,0.02443944476544857
2954_0.63_1.11.png,44.452266693115234,44.45439910888672,0.002132415771484375,0.9987970590591431,0.9988111853599548,1.4126300811767578e-05,0.02637505531311035,0.036696672439575195,none,,False,0.4375438094139099,0.014647280797362328,,,1.0,,,,,,,,,,,,,,,,,,,,,,,,,,,,,,,,,,,,,,,,,,,fallback,2954_0.63_1.11.png,True,0.4375438094139099,0.014647280797362328,2.3783204555511475,1.0550427436828613,1.0,0.5128194093704224,0.5545807480812073,0.5343454480171204,0.20596139132976532,0.003567240433767438,0.010778739117085934,0.005925355013459921,0.4621867537498474,0.48480677604675293,0.4847971796989441,0.1818990707397461,0.0014022341929376125,0.0011118222028017044,0.0005481973057612777,0.6538576483726501,0.17944268882274628,0.2162904441356659,0.052865151315927505,0.9546191692352295,0.9607161283493042,0.016023559495806694,0.9545491933822632,0.9561147093772888,0.003896119771525264,0.9520542621612549,0.9522046446800232,0.0014185525942593813,0.0,0.0013612365582957864,0.015819406136870384,9.765624781721272e-06,0.022037724032998085,0.9504255652427673,0.09506116807460785,0.16544580459594727,6.671712640127225e-07,6.671712640127225e-07,0.2160099297761917,0.0013612365582957864,0.015819406136870384,9.521180510674299e-10,0.024691438302397728
2955_0.54_1.51.png,44.56974411010742,44.049285888671875,-0.5204582214355469,0.9987714290618896,0.9987653493881226,-6.079673767089844e-06,0.02837538719177246,0.03535342216491699,none,,False,0.42999017238616943,0.01403896789997816,,,1.0,,,,,,,,,,,,,,,,,,,,,,,,,,,,,,,,,,,,,,,,,,,fallback,2955_0.54_1.51.png,True,0.42999017238616943,0.01403896789997816,2.3767929077148438,1.0399460792541504,1.0,0.5125889182090759,0.5546168684959412,0.5341144800186157,0.21006734669208527,0.003578576259315014,0.010809492319822311,0.0059349131770431995,0.46178117394447327,0.48476868867874146,0.4843713939189911,0.18190991878509521,0.001403824775479734,0.001116694649681449,0.000549060117918998,0.6209035515785217,0.19788436591625214,0.225799560546875,0.05731170251965523,0.9545608758926392,0.960746705532074,0.015925263985991478,0.9545336961746216,0.9560555219650269,0.0038473280146718025,0.9520546793937683,0.9522151350975037,0.001423698733560741,0.0,0.0013793655671179295,0.016808191314339638,1.627604251552839e-05,0.022555381059646606,0.9504193067550659,0.09489612281322479,0.16475099325180054,7.492188274227374e-07,7.492188274227374e-07,0.22552943229675293,0.0013793655671179295,0.016808191314339638,1.10144560139247e-09,0.024730628356337547
2960_0.83_1.03.png,38.03266143798828,38.75868225097656,0.7260208129882812,0.9967570304870605,0.996884822845459,0.0001277923583984375,0.029359817504882812,0.06763720512390137,none,,False,0.533035933971405,0.007688005454838276,,,1.0,,,,,,,,,,,,,,,,,,,,,,,,,,,,,,,,,,,,,,,,,,,fallback,2960_0.83_1.03.png,True,0.533035933971405,0.007688005454838276,2.6990063190460205,1.357507586479187,1.0,0.5097482204437256,0.5560249090194702,0.5313674807548523,0.18719477951526642,0.003279224270954728,0.008952043950557709,0.004893962759524584,0.4630569517612457,0.48395174741744995,0.4857020676136017,0.18435485661029816,0.0014007133431732655,0.0011211712844669819,0.0005491967312991619,0.5521395802497864,0.18426084518432617,0.24660466611385345,0.05537598952651024,0.9544893503189087,0.96024090051651,0.014896360225975513,0.9545437097549438,0.955371081829071,0.0031977035105228424,0.9520502686500549,0.9522091150283813,0.001381593057885766,0.0,0.0009786823065951467,0.017957070842385292,0.00025716147501952946,0.01942117139697075,0.9502638578414917,0.07756330072879791,0.20113177597522736,4.855749580201518e-07,4.855749580201518e-07,0.2463974803686142,0.0009786823065951467,0.017957070842385292,5.810331660249801e-10,0.02480761520564556
2966_0.98_0.67.png,36.71725082397461,37.499794006347656,0.7825431823730469,0.9956714510917664,0.9958288073539734,0.00015735626220703125,0.029795408248901367,0.040044307708740234,none,,False,0.44018417596817017,0.0069891782477498055,,,1.0,,,,,,,,,,,,,,,,,,,,,,,,,,,,,,,,,,,,,,,,,,,fallback,2966_0.98_0.67.png,True,0.44018417596817017,0.0069891782477498055,2.1511619091033936,1.2939809560775757,1.0,0.5263404846191406,0.5569838881492615,0.5473317503929138,0.19784504175186157,0.003881447482854128,0.014431413263082504,0.008031084202229977,0.46070608496665955,0.4835759997367859,0.4832957088947296,0.19209669530391693,0.001308425678871572,0.0008842766401357949,0.00043247532448731363,0.5817005634307861,0.16996702551841736,0.2180779129266739,0.04443030059337616,0.9544639587402344,0.9602559804916382,0.012746648862957954,0.9546419382095337,0.9558013677597046,0.004036609549075365,0.9520649313926697,0.9522135257720947,0.0014621468726545572,0.0,0.0009697703644633293,0.016657378524541855,1.302083364862483e-05,0.018991373479366302,0.9503301382064819,0.08058365434408188,0.18969498574733734,6.945454629203596e-07,6.945454629203596e-07,0.21785414218902588,0.0009697703644633293,0.016657378524541855,7.176660932195489e-10,0.02392507903277874
296_0.57_0.78.png,44.23393249511719,44.86152267456055,0.6275901794433594,0.9988190531730652,0.9988757371902466,5.6684017181396484e-05,0.018923282623291016,0.024843454360961914,none,,False,0.46597573161125183,0.020041588693857193,,,0.9816993474960327,,,,,,,,,,,,,,,,,,,,,,,,,,,,,,,,,,,,,,,,,,,fallback,296_0.57_0.78.png,True,0.46597573161125183,0.020041588693857193,1.548523187637329,1.7649940252304077,0.9816993474960327,0.5115448832511902,0.553263247013092,0.532511830329895,0.16921323537826538,0.004040258005261421,0.013720374554395676,0.007454653736203909,0.4479280710220337,0.48383262753486633,0.46986669301986694,0.15901441872119904,0.0013915295712649822,0.001137186773121357,0.0005334124434739351,0.4136830270290375,0.2755036950111389,0.2771691679954529,0.08174033463001251,0.9541741013526917,0.9595317840576172,0.013604960404336452,0.954620897769928,0.9560227394104004,0.0037283580750226974,0.9520606994628906,0.9522592425346375,0.0014271297259256244,0.0,0.0016248616157099605,0.06528574973344803,0.006206083577126265,0.023934420198202133,0.950331449508667,0.08961457759141922,0.21491639316082,8.348098958776973e-07,8.348098958776973e-07,0.27695539593696594,0.0016248616157099605,0.06528574973344803,1.755043554929614e-09,0.024966731667518616
2971_0.86_1.96.png,34.49702072143555,35.20372772216797,0.7067070007324219,0.9932509660720825,0.9934325218200684,0.00018155574798583984,0.028456926345825195,0.04056596755981445,none,,False,0.5866293907165527,0.010218474082648754,,,1.0,,,,,,,,,,,,,,,,,,,,,,,,,,,,,,,,,,,,,,,,,,,fallback,2971_0.86_1.96.png,True,0.5866293907165527,0.010218474082648754,2.7318499088287354,1.584140658378601,1.0,0.519419252872467,0.5552846789360046,0.5407091975212097,0.17574238777160645,0.003442625980824232,0.011415726505219936,0.006231417879462242,0.46275991201400757,0.48300790786743164,0.48542460799217224,0.16888386011123657,0.0013288231566548347,0.0009317920776084065,0.0004551759921014309,0.34383058547973633,0.23481783270835876,0.2824600338935852,0.06970657408237457,0.9538160562515259,0.9591217041015625,0.011212279088795185,0.9545148015022278,0.9557828903198242,0.003042869968339801,0.9520597457885742,0.952256441116333,0.0014624535106122494,0.0,0.0007500741630792618,0.01987481489777565,0.0003222656378056854,0.016869472339749336,0.9500885009765625,0.0597437284886837,0.1866278052330017,7.854565069465025e-07,7.854565069465025e-07,0.2822730839252472,0.0007500741630792618,0.01987481489777565,5.944932324197794e-10,0.024692563340067863
2975_1.0_1.72.png,35.58720397949219,35.84403991699219,0.2568359375,0.9884674549102783,0.9885298013687134,6.23464584350586e-05,0.029496431350708008,0.038069963455200195,none,,False,0.6584506034851074,0.006720543839037418,,,1.0,,,,,,,,,,,,,,,,,,,,,,,,,,,,,,,,,,,,,,,,,,,fallback,2975_1.0_1.72.png,True,0.6584506034851074,0.006720543839037418,1.8410742282867432,2.026224136352539,1.0,0.5277211666107178,0.5570820569992065,0.5486373901367188,0.20376771688461304,0.004505577031522989,0.016966691240668297,0.009491157718002796,0.4604467749595642,0.4845570921897888,0.4830237925052643,0.18863344192504883,0.0013792505487799644,0.0010741755831986666,0.0005199062870815396,0.29023662209510803,0.2418917864561081,0.2527335286140442,0.0552661195397377,0.9537733197212219,0.9625323414802551,0.01240677572786808,0.9544533491134644,0.9554415941238403,0.004446984268724918,0.9520670771598816,0.9522224068641663,0.0017091302433982491,0.0,0.0003860038996208459,0.01261930912733078,3.2552084121562075e-06,0.012198532931506634,0.949996292591095,0.04065985605120659,0.17681823670864105,9.823072559811408e-07,9.823072559811408e-07,0.2525559663772583,0.0003860038996208459,0.01261930912733078,2.9499663822818434e-10,0.02336536906659603
2981_0.57_1.84.png,40.815223693847656,40.45863342285156,-0.35659027099609375,0.9933693408966064,0.9934881925582886,0.0001188516616821289,0.02976703643798828,0.040760040283203125,none,,False,0.5129276514053345,0.008769974112510681,,,1.0,,,,,,,,,,,,,,,,,,,,,,,,,,,,,,,,,,,,,,,,,,,fallback,2981_0.57_1.84.png,True,0.5129276514053345,0.008769974112510681,2.0615992546081543,1.768399953842163,1.0,0.5259326100349426,0.5567197203636169,0.5467876195907593,0.20716923475265503,0.004086383152753115,0.015133908949792385,0.008344633504748344,0.46131736040115356,0.48325908184051514,0.4839414060115814,0.20288808643817902,0.0013277791440486908,0.0009514125413261354,0.0004639191902242601,0.26899513602256775,0.21778838336467743,0.29909422993659973,0.07038650661706924,0.9538905024528503,0.9606953263282776,0.013006608933210373,0.9544395208358765,0.9558193683624268,0.004196314141154289,0.9520699381828308,0.9522829055786133,0.0015550846001133323,0.0,0.0005968661280348897,0.01964893750846386,0.0015462239971384406,0.01796134188771248,0.9501937627792358,0.057374257594347,0.15038327872753143,1.3296785255079158e-06,1.3296785255079158e-06,0.2989217936992645,0.0005968661280348897,0.01964893750846386,1.1653199516459267e-09,0.023326322436332703
2983_0.92_1.19.png,41.480960845947266,41.91413497924805,0.43317413330078125,0.9925899505615234,0.9928196668624878,0.00022971630096435547,0.029903650283813477,0.038237571716308594,none,,False,0.6195102334022522,0.010895967483520508,,,1.0,,,,,,,,,,,,,,,,,,,,,,,,,,,,,,,,,,,,,,,,,,,fallback,2983_0.92_1.19.png,True,0.6195102334022522,0.010895967483520508,2.1237595081329346,1.680430293083191,1.0,0.527128279209137,0.5567560791969299,0.5480864644050598,0.1860259771347046,0.004046044312417507,0.014946579933166504,0.00829295627772808,0.461309015750885,0.48351386189460754,0.48392918705940247,0.18078075349330902,0.0013303776504471898,0.0009486264316365123,0.00046554108848795295,0.3443933427333832,0.21227200329303741,0.24630527198314667,0.055713459849357605,0.9539926648139954,0.9612289071083069,0.012089532800018787,0.9545125365257263,0.9559644460678101,0.004059728235006332,0.9520676732063293,0.9522556066513062,0.0015927711501717567,0.0,0.0003788411559071392,0.00935020949691534,0.0,0.013793920166790485,0.9501065015792847,0.04688006266951561,0.1531040072441101,1.004688897410233e-06,1.004688897410233e-06,0.2460959404706955,0.0003788411559071392,0.00935020949691534,4.0603254092275165e-10,0.022727806121110916
2984_0.77_0.51.png,46.42979431152344,46.60304641723633,0.17325210571289062,0.9968225359916687,0.9965798854827881,-0.00024265050888061523,0.029947280883789062,0.04045438766479492,none,,False,0.49240270256996155,0.013753220438957214,,,1.0,,,,,,,,,,,,,,,,,,,,,,,,,,,,,,,,,,,,,,,,,,,fallback,2984_0.77_0.51.png,True,0.49240270256996155,0.013753220438957214,2.1039226055145264,1.7237335443496704,1.0,0.5249727368354797,0.5528338551521301,0.5459770560264587,0.18878644704818726,0.003896757960319519,0.014185160398483276,0.007844760082662106,0.4611269235610962,0.4834108352661133,0.4837336242198944,0.18411807715892792,0.001320741488598287,0.0009213908924721181,0.000457297166576609,0.5200267434120178,0.1838892102241516,0.22138500213623047,0.05669575184583664,0.9544172286987305,0.9615116119384766,0.013445131480693817,0.9546393156051636,0.9559335112571716,0.004132566042244434,0.9520650506019592,0.9522514939308167,0.001477453508414328,0.0,0.0008255341672338545,0.008984069339931011,0.0,0.018283775076270103,0.950290858745575,0.0729081854224205,0.15716709196567535,7.958358310133917e-07,7.958358310133917e-07,0.2211260050535202,0.0008255341672338545,0.008984069339931011,7.149357772462395e-10,0.02253265492618084
2987_0.99_1.51.png,34.19115447998047,34.851898193359375,0.6607437133789062,0.9859666228294373,0.9864224791526794,0.0004558563232421875,0.02950286865234375,0.03780722618103027,none,,False,0.6041707992553711,0.010464385151863098,,,1.0,,,,,,,,,,,,,,,,,,,,,,,,,,,,,,,,,,,,,,,,,,,fallback,2987_0.99_1.51.png,True,0.6041707992553711,0.010464385151863098,2.341235399246216,1.6297593116760254,1.0,0.5166168808937073,0.5570577383041382,0.5380284786224365,0.18465609848499298,0.0038425582461059093,0.01217459887266159,0.006743754725903273,0.4644865095615387,0.4842287003993988,0.4872192442417145,0.1855975091457367,0.0014195918338373303,0.0011631858069449663,0.000572020304389298,0.38058650493621826,0.22750809788703918,0.24209003150463104,0.04963059723377228,0.9540364742279053,0.9609564542770386,0.012189882807433605,0.954520583152771,0.9556902050971985,0.004064479842782021,0.952058732509613,0.9522024989128113,0.0015822387067601085,0.0,0.0005179771105758846,0.015998512506484985,3.2552084121562075e-06,0.014643036760389805,0.9500851631164551,0.05104350298643112,0.19453860819339752,7.781633257764042e-07,7.781633257764042e-07,0.2418898046016693,0.0005179771105758846,0.015998512506484985,3.8601941088067804e-10,0.023659760132431984
298_0.69_1.38.png,35.173946380615234,35.09761428833008,-0.07633209228515625,0.9914048910140991,0.9916412234306335,0.00023633241653442383,0.018255949020385742,0.02489781379699707,none,,False,0.6672788858413696,0.003926299046725035,,,0.9816993474960327,,,,,,,,,,,,,,,,,,,,,,,,,,,,,,,,,,,,,,,,,,,fallback,298_0.69_1.38.png,True,0.6672788858413696,0.003926299046725035,1.1746561527252197,1.8335920572280884,0.9816993474960327,0.5174483060836792,0.5517354607582092,0.5384790897369385,0.16789887845516205,0.004470985848456621,0.016009027138352394,0.008678160607814789,0.45468825101852417,0.4845423102378845,0.4769578278064728,0.15958842635154724,0.0014310848200693727,0.0011915266513824463,0.0005636692512780428,0.24082118272781372,0.2609251141548157,0.28042519092559814,0.0608392097055912,0.9535050988197327,0.9609434604644775,0.009069356136023998,0.9544817805290222,0.9556342363357544,0.0036231004633009434,0.9520657658576965,0.9522081613540649,0.0015852965880185366,0.0,0.0008739789482206106,0.09428093582391739,0.008731277659535408,0.016163503751158714,0.9500483870506287,0.05098503828048706,0.28261086344718933,7.862882398512738e-07,7.862882398512738e-07,0.28031110763549805,0.0008739789482206106,0.09428093582391739,1.5701372424459237e-09,0.024894345551729202
2996_0.97_1.99.png,37.323516845703125,37.62289047241211,0.2993736267089844,0.9943181276321411,0.994449257850647,0.00013113021850585938,0.026772737503051758,0.040964603424072266,none,,False,0.7259120345115662,0.011820053681731224,,,1.0,,,,,,,,,,,,,,,,,,,,,,,,,,,,,,,,,,,,,,,,,,,fallback,2996_0.97_1.99.png,True,0.7259120345115662,0.011820053681731224,1.9146851301193237,1.5298573970794678,1.0,0.522756040096283,0.5553441643714905,0.5435746312141418,0.203316792845726,0.0039012632332742214,0.014430074952542782,0.007963086478412151,0.4544934630393982,0.48294854164123535,0.47678273916244507,0.17728972434997559,0.0013068608241155744,0.0009158955072052777,0.0004418060416355729,0.32306528091430664,0.20145177841186523,0.261104553937912,0.0514947772026062,0.9540041089057922,0.9592070579528809,0.012166103348135948,0.9544901847839355,0.956275463104248,0.0031965060625225306,0.9520670771598816,0.9522237777709961,0.0015454670647159219,0.0,0.00033115994301624596,0.006939664017409086,0.0,0.013060144148766994,0.9500049352645874,0.043416984379291534,0.10470078140497208,1.0214745316261542e-06,1.0214745316261542e-06,0.26089921593666077,0.00033115994301624596,0.006939664017409086,2.911863528076708e-10,0.024330126121640205
2999_0.57_1.33.png,41.703895568847656,41.13640594482422,-0.5674896240234375,0.9969300031661987,0.9969037771224976,-2.6226043701171875e-05,0.028020620346069336,0.03651547431945801,none,,False,0.5258868932723999,0.01071542501449585,,,0.9895424842834473,,,,,,,,,,,,,,,,,,,,,,,,,,,,,,,,,,,,,,,,,,,fallback,2999_0.57_1.33.png,True,0.5258868932723999,0.01071542501449585,1.837180256843567,1.8024907112121582,0.9895424842834473,0.516585111618042,0.555976927280426,0.5372924208641052,0.2082766741514206,0.004142343532294035,0.015054315328598022,0.008223657496273518,0.4490222930908203,0.48393988609313965,0.4710367023944855,0.19240041077136993,0.001344171934761107,0.0010179610690101981,0.0004805793578270823,0.2961972653865814,0.21765460073947906,0.3055395185947418,0.06416498869657516,0.9538624286651611,0.959602952003479,0.012628532014787197,0.9545041918754578,0.9557982087135315,0.003375327680259943,0.9520668983459473,0.9522791504859924,0.001486650900915265,0.0,0.0008222147007472813,0.01848117634654045,0.00016927083197515458,0.019481966271996498,0.950191080570221,0.06590770930051804,0.20175908505916595,1.0600737141430727e-06,1.0600737141430727e-06,0.305343359708786,0.0008222147007472813,0.01848117634654045,1.0444759501737622e-09,0.024699781090021133
3000_0.89_1.57.png,38.83804702758789,38.82146072387695,-0.0165863037109375,0.9935458898544312,0.9935716986656189,2.580881118774414e-05,0.02944779396057129,0.04099249839782715,none,,False,0.6777331233024597,0.009708043187856674,,,0.9973856806755066,,,,,,,,,,,,,,,,,,,,,,,,,,,,,,,,,,,,,,,,,,,fallback,3000_0.89_1.57.png,True,0.6777331233024597,0.009708043187856674,1.845436453819275,1.8143552541732788,0.9973856806755066,0.5176800489425659,0.5554065108299255,0.5384379029273987,0.2075449526309967,0.004134622868150473,0.01502334326505661,0.008228346705436707,0.44876405596733093,0.4839644730091095,0.4707653522491455,0.18634214997291565,0.0013439619215205312,0.0010152669856324792,0.0004801612230949104,0.2669106125831604,0.21317599713802338,0.2954638600349426,0.06296779960393906,0.953693151473999,0.960258424282074,0.012363245710730553,0.9544286131858826,0.9557743668556213,0.0033702191431075335,0.9520644545555115,0.952283501625061,0.0015635872259736061,0.0,0.00047736437409184873,0.010431505739688873,6.510416824312415e-06,0.014311493374407291,0.9499899744987488,0.046322863548994064,0.20639505982398987,1.0561470844550058e-06,1.0561470844550058e-06,0.2952739894390106,0.00047736437409184873,0.010431505739688873,4.560324062818921e-10,0.0246263574808836
314_0.83_0.92.png,40.93189239501953,40.62507247924805,-0.3068199157714844,0.9984490871429443,0.998441219329834,-7.867813110351562e-06,0.019078969955444336,0.025452852249145508,none,,False,0.4912013113498688,0.02945718541741371,,,0.9869281649589539,,,,,,,,,,,,,,,,,,,,,,,,,,,,,,,,,,,,,,,,,,,fallback,314_0.83_0.92.png,True,0.4912013113498688,0.02945718541741371,2.4468441009521484,1.432083010673523,0.9869281649589539,0.48764002323150635,0.5554021000862122,0.5087735652923584,0.16903512179851532,0.003731394652277231,0.010328094474971294,0.005346179008483887,0.43715155124664307,0.4840621054172516,0.4585142135620117,0.1583070307970047,0.0014731677947565913,0.0013387668877840042,0.0006129037938080728,0.4185723662376404,0.17543388903141022,0.24870866537094116,0.050490692257881165,0.9537575840950012,0.959902822971344,0.010161369107663631,0.9545992612838745,0.9557710886001587,0.003311718348413706,0.9520489573478699,0.952283501625061,0.0014322391944006085,0.0,0.001562439720146358,0.10948045551776886,0.006939949933439493,0.02289726585149765,0.9502318501472473,0.08200927078723907,0.2476973831653595,6.070859512874449e-07,6.070859512874449e-07,0.2484826147556305,0.001562439720146358,0.10948045551776886,1.961644846559807e-09,0.024994943290948868
315_0.68_0.58.png,40.7110595703125,40.1888427734375,-0.522216796875,0.9989688396453857,0.9989194273948669,-4.941225051879883e-05,0.017506837844848633,0.026992082595825195,none,,False,0.4197887182235718,0.033554807305336,,,0.98562091588974,,,,,,,,,,,,,,,,,,,,,,,,,,,,,,,,,,,,,,,,,,,fallback,315_0.68_0.58.png,True,0.4197887182235718,0.033554807305336,2.4617605209350586,1.433311104774475,0.98562091588974,0.4873057007789612,0.5554021000862122,0.5084298253059387,0.1690308004617691,0.003724275389686227,0.010286998935043812,0.005343025550246239,0.4366709887981415,0.4839489459991455,0.45801016688346863,0.15830297768115997,0.0014721566112712026,0.00133754953276366,0.0006120639736764133,0.49613484740257263,0.16509728133678436,0.23849070072174072,0.050044991075992584,0.9540379047393799,0.9601442813873291,0.011228447780013084,0.954624354839325,0.9559453725814819,0.003443741239607334,0.9520477056503296,0.9522829055786133,0.0014061813708394766,0.0,0.0021289752330631018,0.10303914546966553,0.008020524866878986,0.02650073915719986,0.95035719871521,0.10051531344652176,0.24236254394054413,5.76941260987951e-07,5.76941260987951e-07,0.23822732269763947,0.0021289752330631018,0.10303914546966553,2.398411469428652e-09,0.02499481290578842
316_0.94_1.76.png,38.230567932128906,38.28565216064453,0.055084228515625,0.995874285697937,0.9959560632705688,8.177757263183594e-05,0.01734304428100586,0.027869462966918945,none,,False,0.6293999552726746,0.021393798291683197,,,0.9921568632125854,,,,,,,,,,,,,,,,,,,,,,,,,,,,,,,,,,,,,,,,,,,fallback,316_0.94_1.76.png,True,0.6293999552726746,0.021393798291683197,2.3961026668548584,1.427504539489746,0.9921568632125854,0.4890316426753998,0.555936872959137,0.5101686120033264,0.1689162403345108,0.0037439411971718073,0.010490885935723782,0.005423644557595253,0.4379213750362396,0.48441722989082336,0.4593237638473511,0.15812772512435913,0.0014700430911034346,0.0013292540097609162,0.0006106822984293103,0.302091121673584,0.18129004538059235,0.2582695484161377,0.049232129007577896,0.9533554315567017,0.9589241147041321,0.009414240717887878,0.9545209407806396,0.9555549025535583,0.003667454468086362,0.9520539045333862,0.952283501625061,0.0015090125380083919,0.0,0.0009079044684767723,0.11028005182743073,0.004576553124934435,0.017531992867588997,0.9500404000282288,0.056663502007722855,0.24620875716209412,8.730423246561259e-07,8.730423246561259e-07,0.2580867111682892,0.0009079044684767723,0.11028005182743073,1.4836574191434693e-09,0.02499496005475521
321_0.53_0.51.png,38.40113830566406,37.63115310668945,-0.7699851989746094,0.9984585046768188,0.9982848167419434,-0.00017368793487548828,0.017520666122436523,0.027193546295166016,none,,False,0.5604497194290161,0.016553953289985657,,,0.9908496737480164,,,,,,,,,,,,,,,,,,,,,,,,,,,,,,,,,,,,,,,,,,,fallback,321_0.53_0.51.png,True,0.5604497194290161,0.016553953289985657,1.012865424156189,1.3172364234924316,0.9908496737480164,0.5210844278335571,0.5523688197135925,0.5418116450309753,0.16783131659030914,0.003979417961090803,0.014704114757478237,0.008183714002370834,0.44889479875564575,0.4841531217098236,0.47091034054756165,0.15949897468090057,0.0013132108142599463,0.0009456232073716819,0.0004433122812770307,0.366958886384964,0.2845078706741333,0.2852337956428528,0.08411578088998795,0.9547027349472046,0.9615330100059509,0.013901744969189167,0.9547572731971741,0.9561777114868164,0.004082317464053631,0.952069878578186,0.9522837996482849,0.001426439848728478,0.0,0.001165594905614853,0.05410230532288551,0.00455921795219183,0.021162064746022224,0.9503183960914612,0.07747601717710495,0.18049421906471252,9.132402283285046e-07,9.132402283285046e-07,0.2850326597690582,0.001165594905614853,0.05410230532288551,1.4780344725906502e-09,0.024920525029301643
323_0.99_0.62.png,37.658912658691406,37.59867858886719,-0.06023406982421875,0.997503936290741,0.9974057078361511,-9.822845458984375e-05,0.017528533935546875,0.0286099910736084,none,,False,0.6517055034637451,0.016549715772271156,,,0.9947712421417236,,,,,,,,,,,,,,,,,,,,,,,,,,,,,,,,,,,,,,,,,,,fallback,323_0.99_0.62.png,True,0.6517055034637451,0.016549715772271156,0.9970460534095764,1.2992982864379883,0.9947712421417236,0.5202646851539612,0.5507963299751282,0.5410414934158325,0.16823723912239075,0.003899381496012211,0.014282661490142345,0.007896814495325089,0.44948408007621765,0.48462992906570435,0.4715252220630646,0.16002243757247925,0.0013100856449455023,0.0009320934186689556,0.0004427109961397946,0.3814637362957001,0.30102699995040894,0.26650094985961914,0.07681010663509369,0.9548333883285522,0.9616515636444092,0.014449544250965118,0.9547907710075378,0.9563025832176208,0.004087390378117561,0.9520668387413025,0.9522072672843933,0.0014271422987803817,0.0,0.0010236939415335655,0.06062300503253937,0.004651673603802919,0.01841094344854355,0.9502232670783997,0.06817113608121872,0.21143250167369843,6.35071899068862e-07,6.35071899068862e-07,0.26629769802093506,0.0010236939415335655,0.06062300503253937,1.1588464632339424e-09,0.024950549006462097
33_0.9_0.83.png,33.61912155151367,33.4609375,-0.15818405151367188,0.9958928823471069,0.9958111643791199,-8.171796798706055e-05,0.0173647403717041,0.027115821838378906,none,,False,0.5536243319511414,0.020416397601366043,,,0.9947712421417236,,,,,,,,,,,,,,,,,,,,,,,,,,,,,,,,,,,,,,,,,,,fallback,33_0.9_0.83.png,True,0.5536243319511414,0.020416397601366043,1.8281952142715454,2.5919089317321777,0.9947712421417236,0.5219387412071228,0.5567727088928223,0.5427997708320618,0.16662734746932983,0.0044565084390342236,0.016498470678925514,0.009014277718961239,0.45355576276779175,0.4847913384437561,0.47578638792037964,0.15789498388767242,0.0013963545206934214,0.0011178483255207539,0.0005279367906041443,0.42886054515838623,0.21696220338344574,0.24711214005947113,0.04445984214544296,0.9541009664535522,0.9586633443832397,0.011228472925722599,0.9547308683395386,0.9555519223213196,0.0038748513907194138,0.9520665407180786,0.9522887468338013,0.0015176675515249372,0.0,0.001178317703306675,0.07779908180236816,0.004674787633121014,0.019149960950016975,0.9502566456794739,0.07054857164621353,0.21670395135879517,6.66611583710619e-07,6.66611583710619e-07,0.24692928791046143,0.001178317703306675,0.07779908180236816,1.4945359394502589e-09,0.024913480505347252
343_0.84_1.57.png,37.73434829711914,37.57562255859375,-0.15872573852539062,0.9963840842247009,0.9962877631187439,-9.632110595703125e-05,0.01756119728088379,0.02778911590576172,none,,False,0.6989096403121948,0.015505335293710232,,,0.9921569228172302,,,,,,,,,,,,,,,,,,,,,,,,,,,,,,,,,,,,,,,,,,,fallback,343_0.84_1.57.png,True,0.6989096403121948,0.015505335293710232,1.687513828277588,2.3097333908081055,0.9921569228172302,0.5122460722923279,0.5550205111503601,0.5330963730812073,0.16911126673221588,0.004638001322746277,0.01682957075536251,0.009013800881803036,0.44791579246520996,0.48497676849365234,0.4698520600795746,0.15842977166175842,0.0014481570105999708,0.0012411944335326552,0.0005856973584741354,0.2417794018983841,0.25365567207336426,0.2894340753555298,0.06722961366176605,0.9533864855766296,0.9602097868919373,0.011103943921625614,0.954477071762085,0.9554855227470398,0.004205301869660616,0.9520652294158936,0.9522526860237122,0.001597028924152255,0.0,0.0006929819355718791,0.08247886598110199,0.00414316775277257,0.014878075569868088,0.9500486850738525,0.04701899737119675,0.2458159178495407,9.335369668406202e-07,9.335369668406202e-07,0.28926506638526917,0.0006929819355718791,0.08247886598110199,1.2599612464470056e-09,0.024745041504502296
348_0.85_0.6.png,36.9979248046875,36.835540771484375,-0.162384033203125,0.9969937205314636,0.9968864321708679,-0.00010728836059570312,0.01812458038330078,0.028552770614624023,none,,False,0.5350625514984131,0.017560621723532677,,,0.9973856806755066,,,,,,,,,,,,,,,,,,,,,,,,,,,,,,,,,,,,,,,,,,,fallback,348_0.85_0.6.png,True,0.5350625514984131,0.017560621723532677,1.6458007097244263,1.9947664737701416,0.9973856806755066,0.5113701820373535,0.5536370873451233,0.5323670506477356,0.16741865873336792,0.0042569986544549465,0.014791694469749928,0.008011462166905403,0.4512898921966553,0.4846224784851074,0.47338661551475525,0.15932461619377136,0.0014233918627724051,0.0011830170406028628,0.0005617017741315067,0.46189749240875244,0.25172415375709534,0.22916990518569946,0.05317888408899307,0.954350471496582,0.9590599536895752,0.012256455607712269,0.9546852707862854,0.955623984336853,0.004018083680421114,0.9520602226257324,0.9522120356559753,0.0014764162478968501,0.0,0.0020192100200802088,0.10150149464607239,0.015890810638666153,0.023421501740813255,0.9503409266471863,0.08960781246423721,0.2630488872528076,5.597096333076479e-07,5.597096333076479e-07,0.22895370423793793,0.0020192100200802088,0.10150149464607239,2.7639310840044118e-09,0.02497779205441475
349_0.53_1.37.png,32.663570404052734,32.54520034790039,-0.11837005615234375,0.9931557178497314,0.9929561614990234,-0.0001995563507080078,0.017222166061401367,0.027325153350830078,none,,False,0.6467018723487854,0.012508140876889229,,,0.9738562107086182,,,,,,,,,,,,,,,,,,,,,,,,,,,,,,,,,,,,,,,,,,,fallback,349_0.53_1.37.png,True,0.6467018723487854,0.012508140876889229,1.9974128007888794,2.6188437938690186,0.9738562107086182,0.5209586024284363,0.5574581027030945,0.5420351028442383,0.1664799451828003,0.004599335603415966,0.016467517241835594,0.00900509674102068,0.4573696553707123,0.48448970913887024,0.4797723591327667,0.15768621861934662,0.001455828663893044,0.001260413439013064,0.0005998102715238929,0.3369622230529785,0.2705670893192291,0.26269397139549255,0.08500418812036514,0.9540753960609436,0.9588983654975891,0.010652325116097927,0.9546355605125427,0.9556655883789062,0.004004193004220724,0.9520591497421265,0.9522185325622559,0.0015286433044821024,0.0,0.0011407488491386175,0.062346916645765305,0.005356647539883852,0.01742815226316452,0.950135350227356,0.06210581213235855,0.22596697509288788,5.773458155999833e-07,5.773458155999833e-07,0.26249924302101135,0.0011407488491386175,0.062346916645765305,1.6022790871872417e-09,0.024810412898659706
357_0.76_1.35.png,33.05990982055664,33.673919677734375,0.6140098571777344,0.9952470660209656,0.9955820441246033,0.0003349781036376953,0.01750779151916504,0.0272674560546875,none,,False,0.5735618472099304,0.03184306621551514,,,0.97124183177948,,,,,,,,,,,,,,,,,,,,,,,,,,,,,,,,,,,,,,,,,,,fallback,357_0.76_1.35.png,True,0.5735618472099304,0.03184306621551514,1.2049198150634766,1.356887936592102,0.97124183177948,0.4912342429161072,0.54874187707901,0.5119202136993408,0.16689562797546387,0.004215639550238848,0.01387141365557909,0.007319663651287556,0.4296253025531769,0.48452821373939514,0.4506438672542572,0.15829023718833923,0.0014501148834824562,0.001285491045564413,0.0005938934627920389,0.323464035987854,0.2624013125896454,0.2969214916229248,0.11583629250526428,0.953668475151062,0.962006688117981,0.015903616324067116,0.9546731114387512,0.9565773010253906,0.004654590971767902,0.9520564675331116,0.9522556662559509,0.0014265556819736958,0.0,0.0012926117051392794,0.05511365458369255,0.005408653989434242,0.02238137274980545,0.9502102136611938,0.07774832099676132,0.15753228962421417,1.1868154388139374e-06,1.1868154388139374e-06,0.29663750529289246,0.0012926117051392794,0.05511365458369255,2.095450479799865e-09,0.024108270183205605
360_0.91_1.7.png,30.15711784362793,30.434925079345703,0.27780723571777344,0.9915553331375122,0.9918980002403259,0.0003426671028137207,0.0174710750579834,0.027211666107177734,none,,False,0.6667465567588806,0.030513450503349304,,,0.9830065965652466,,,,,,,,,,,,,,,,,,,,,,,,,,,,,,,,,,,,,,,,,,,fallback,360_0.91_1.7.png,True,0.6667465567588806,0.030513450503349304,1.201265811920166,1.3515434265136719,0.9830065965652466,0.49169814586639404,0.5488290190696716,0.5124019980430603,0.16688579320907593,0.0042165545746684074,0.013873557560145855,0.0073082963936030865,0.43020033836364746,0.4845106601715088,0.4512469172477722,0.15818941593170166,0.0014507032465189695,0.001285925623960793,0.0005971018108539283,0.3142649531364441,0.2678129971027374,0.28986412286758423,0.10959204286336899,0.9535194039344788,0.9619977474212646,0.015777181833982468,0.9546282291412354,0.9566053152084351,0.004810704849660397,0.9520551562309265,0.952250063419342,0.0014483602717518806,0.0,0.0009348604362457991,0.060425739735364914,0.004905926529318094,0.01869182288646698,0.9500710964202881,0.06334740668535233,0.1617826372385025,1.4923135722710867e-06,1.4923135722710867e-06,0.2895795702934265,0.0009348604362457991,0.060425739735364914,1.6422104787139347e-09,0.02411160245537758
362_0.89_1.57.png,36.3608283996582,36.392913818359375,0.032085418701171875,0.9850407838821411,0.9844893217086792,-0.0005514621734619141,0.01759815216064453,0.0274660587310791,none,,False,0.6461206078529358,0.01281992718577385,,,0.9973856806755066,,,,,,,,,,,,,,,,,,,,,,,,,,,,,,,,,,,,,,,,,,,fallback,362_0.89_1.57.png,True,0.6461206078529358,0.01281992718577385,1.2667473554611206,1.4106525182724,0.9973856806755066,0.5034751892089844,0.5469425320625305,0.5245738625526428,0.16960600018501282,0.003772514406591654,0.012276669032871723,0.006518414709717035,0.4461163580417633,0.484634667634964,0.46794652938842773,0.16207732260227203,0.0013949117856100202,0.0011218235595151782,0.0005283748032525182,0.33413776755332947,0.26267150044441223,0.2565806806087494,0.0693528950214386,0.9536046385765076,0.9604591727256775,0.01003122515976429,0.9545598030090332,0.955620527267456,0.0035660243593156338,0.9520589709281921,0.9524083733558655,0.001479093567468226,0.0,0.0011342931538820267,0.07655631750822067,0.005217964295297861,0.01907273381948471,0.9501200318336487,0.06342299282550812,0.22776782512664795,7.009898013166094e-07,7.009898013166094e-07,0.2563648223876953,0.0011342931538820267,0.07655631750822067,1.6213655973373875e-09,0.024775974452495575
366_0.67_1.2.png,41.0960807800293,41.309967041015625,0.21388626098632812,0.9981316328048706,0.9981594085693359,2.777576446533203e-05,0.017248868942260742,0.027213096618652344,none,,False,0.47434061765670776,0.01936580240726471,,,0.988235354423523,,,,,,,,,,,,,,,,,,,,,,,,,,,,,,,,,,,,,,,,,,,fallback,366_0.67_1.2.png,True,0.47434061765670776,0.01936580240726471,2.6859326362609863,1.8226345777511597,0.988235354423523,0.5152425765991211,0.5572835803031921,0.5365703105926514,0.16867373883724213,0.0035674276296049356,0.011147744953632355,0.0060415989719331264,0.4586329758167267,0.4841197431087494,0.48108533024787903,0.15773215889930725,0.0013752399245277047,0.0010698704281821847,0.0005100934067741036,0.3697185814380646,0.22394201159477234,0.2731017768383026,0.07195071130990982,0.9536197781562805,0.9584890604019165,0.01114165410399437,0.9545663595199585,0.955730140209198,0.003001950215548277,0.9520610570907593,0.9523701667785645,0.0014220024459064007,0.0,0.0013294556410983205,0.05414963513612747,0.006755039095878601,0.02229868620634079,0.9502285122871399,0.07802923768758774,0.21002241969108582,7.32080025045434e-07,7.32080025045434e-07,0.2728891670703888,0.0013294556410983205,0.05414963513612747,1.545551464587902e-09,0.02493068389594555
367_0.56_0.63.png,45.898963928222656,45.75843048095703,-0.140533447265625,0.9993779063224792,0.9993554949760437,-2.2411346435546875e-05,0.01753830909729004,0.027227163314819336,none,,False,0.41169875860214233,0.023991158232092857,,,0.9895424842834473,,,,,,,,,,,,,,,,,,,,,,,,,,,,,,,,,,,,,,,,,,,fallback,367_0.56_0.63.png,True,0.41169875860214233,0.023991158232092857,2.691262722015381,1.8239057064056396,0.9895424842834473,0.5151501297950745,0.557079017162323,0.536476194858551,0.16870658099651337,0.0035582471173256636,0.011114703491330147,0.006073596887290478,0.4585127532482147,0.48402297496795654,0.48095929622650146,0.15778663754463196,0.0013739170972257853,0.0010666251182556152,0.000510584854055196,0.4664709270000458,0.21082240343093872,0.24620743095874786,0.06382971256971359,0.9540069699287415,0.958782434463501,0.011525049805641174,0.9546257257461548,0.955690324306488,0.0033287578262388706,0.9520595073699951,0.9523285627365112,0.0013961903750896454,0.0,0.0018681007204577327,0.07335155457258224,0.007656481117010117,0.025543557479977608,0.9503585696220398,0.09657835215330124,0.23836126923561096,6.871516120554588e-07,6.871516120554588e-07,0.24594807624816895,0.0018681007204577327,0.07335155457258224,2.0341432982462493e-09,0.02490062452852726
36_0.6_1.64.png,29.190521240234375,28.937360763549805,-0.2531604766845703,0.9897727370262146,0.9892467260360718,-0.0005260109901428223,0.01748204231262207,0.027222394943237305,none,,False,0.6232503056526184,0.01965029537677765,,,0.9816993474960327,,,,,,,,,,,,,,,,,,,,,,,,,,,,,,,,,,,,,,,,,,,fallback,36_0.6_1.64.png,True,0.6232503056526184,0.01965029537677765,1.7491921186447144,2.560291051864624,0.9816993474960327,0.5227943658828735,0.5569249987602234,0.5436288118362427,0.1666010320186615,0.0044993143528699875,0.01680733449757099,0.009150094352662563,0.45354998111724854,0.48471516370773315,0.47578272223472595,0.15785418450832367,0.001394752413034439,0.001113978330977261,0.0005244666826911271,0.3678862154483795,0.24296706914901733,0.24648307263851166,0.053387969732284546,0.9539340138435364,0.959147572517395,0.010163980536162853,0.9546994566917419,0.9556995630264282,0.0038176162634044886,0.9520663022994995,0.9522900581359863,0.0015505414921790361,0.0,0.0008783934754319489,0.07570945471525192,0.004091161303222179,0.016526922583580017,0.9501830339431763,0.05866328254342079,0.21271748840808868,6.529764391416393e-07,6.529764391416393e-07,0.24629437923431396,0.0008783934754319489,0.07570945471525192,1.2272272087443525e-09,0.024929514154791832
370_0.53_0.88.png,41.75139617919922,41.43745803833008,-0.3139381408691406,0.998942494392395,0.9989323616027832,-1.0132789611816406e-05,0.017729520797729492,0.027222633361816406,none,,False,0.48910996317863464,0.021558288484811783,,,0.9856209754943848,,,,,,,,,,,,,,,,,,,,,,,,,,,,,,,,,,,,,,,,,,,fallback,370_0.53_0.88.png,True,0.48910996317863464,0.021558288484811783,1.5262093544006348,1.8710263967514038,0.9856209754943848,0.5068081617355347,0.544446587562561,0.5280681252479553,0.17017537355422974,0.003946166951209307,0.013033159077167511,0.0069379257038235664,0.45349636673927307,0.4843146800994873,0.4756803810596466,0.15774895250797272,0.0014294101856648922,0.0011673487024381757,0.0005571274668909609,0.41783106327056885,0.25717058777809143,0.26541274785995483,0.06471951305866241,0.9540092945098877,0.9589236974716187,0.012707249261438847,0.9545507431030273,0.9556208252906799,0.0036716207396239042,0.9520577788352966,0.9523932337760925,0.0014473887858912349,0.0,0.0012162859784439206,0.049866192042827606,0.0044494266621768475,0.02233230508863926,0.9503382444381714,0.08072696626186371,0.169451504945755,7.109218245204829e-07,7.109218245204829e-07,0.26518797874450684,0.0012162859784439206,0.049866192042827606,1.56095913972365e-09,0.02486969158053398
371_0.85_1.28.png,36.544578552246094,36.571983337402344,0.02740478515625,0.9975756406784058,0.9975597262382507,-1.5914440155029297e-05,0.01732778549194336,0.027286529541015625,none,,False,0.6316086053848267,0.0185333713889122,,,0.988235354423523,,,,,,,,,,,,,,,,,,,,,,,,,,,,,,,,,,,,,,,,,,,fallback,371_0.85_1.28.png,True,0.6316086053848267,0.0185333713889122,1.5965713262557983,1.9652202129364014,0.988235354423523,0.5061523914337158,0.5452317595481873,0.5274421572685242,0.16993467509746552,0.00410112738609314,0.013628756627440453,0.007237256038933992,0.453754186630249,0.48476600646972656,0.4759451448917389,0.15688925981521606,0.0014552916400134563,0.0012166087981313467,0.0005820023943670094,0.3566558361053467,0.24702824652194977,0.25314363837242126,0.05751829221844673,0.953737199306488,0.9603403210639954,0.011480633169412613,0.9545021057128906,0.9557080268859863,0.0036637205630540848,0.952056884765625,0.9524422883987427,0.0015213766600936651,0.0,0.0008283351780846715,0.060378096997737885,0.0037906805519014597,0.017360743135213852,0.950153112411499,0.059210602194070816,0.16951623558998108,6.250131150409288e-07,6.250131150409288e-07,0.2529405653476715,0.0008283351780846715,0.060378096997737885,1.2574595809056177e-09,0.024660691618919373
374_0.93_1.43.png,38.12847137451172,38.04820251464844,-0.08026885986328125,0.9979715347290039,0.9979982376098633,2.6702880859375e-05,0.017410755157470703,0.02746129035949707,none,,False,0.7361109256744385,0.019964981824159622,,,0.9921568632125854,,,,,,,,,,,,,,,,,,,,,,,,,,,,,,,,,,,,,,,,,,,fallback,374_0.93_1.43.png,True,0.7361109256744385,0.019964981824159622,1.3737704753875732,1.7828447818756104,0.9921568632125854,0.5209501385688782,0.5554924607276917,0.5418192744255066,0.16692915558815002,0.004269187804311514,0.015767864882946014,0.008599366061389446,0.45249560475349426,0.4846917688846588,0.47467511892318726,0.15830658376216888,0.0013737939298152924,0.0010616534855216742,0.0005044880090281367,0.2686602473258972,0.22900089621543884,0.2629965543746948,0.08185537904500961,0.9536583423614502,0.95894455909729,0.01207107212394476,0.954646110534668,0.9558704495429993,0.003597608068957925,0.9520682096481323,0.9522428512573242,0.0015359407989308238,0.0,0.0006891002412885427,0.07981336116790771,0.003611547639593482,0.01491122879087925,0.9500740170478821,0.04779662936925888,0.21882015466690063,9.314376256952528e-07,9.314376256952528e-07,0.26278048753738403,0.0006891002412885427,0.07981336116790771,1.2470445787116091e-09,0.024726856499910355
375_0.89_0.71.png,42.43085861206055,42.28955841064453,-0.14130020141601562,0.9992513656616211,0.9992586970329285,7.331371307373047e-06,0.01724076271057129,0.0273287296295166,none,,False,0.6660348773002625,0.025776922702789307,,,0.9921568632125854,,,,,,,,,,,,,,,,,,,,,,,,,,,,,,,,,,,,,,,,,,,fallback,375_0.89_0.71.png,True,0.6660348773002625,0.025776922702789307,1.401883602142334,1.7808825969696045,0.9921568632125854,0.5199310779571533,0.555161714553833,0.5408181548118591,0.16700522601604462,0.004233044106513262,0.01554466038942337,0.008518751710653305,0.4521872103214264,0.48471778631210327,0.47434917092323303,0.15840744972229004,0.0013747427146881819,0.0010623638518154621,0.0005059514660388231,0.3605785369873047,0.2420543134212494,0.2517460882663727,0.09166251868009567,0.9539861679077148,0.9594951272010803,0.012636910192668438,0.9547646641731262,0.956173300743103,0.0037689434830099344,0.9520664811134338,0.9522367715835571,0.0014875472988933325,0.0,0.0009669865248724818,0.08084042370319366,0.00455921795219183,0.017323235049843788,0.950185239315033,0.060814373195171356,0.22879548370838165,7.565037662971008e-07,7.565037662971008e-07,0.25146791338920593,0.0009669865248724818,0.08084042370319366,1.4256733571471614e-09,0.024739501997828484
378_0.69_1.33.png,34.57771301269531,34.73855209350586,0.16083908081054688,0.9963304996490479,0.9963061213493347,-2.4378299713134766e-05,0.017360448837280273,0.027083396911621094,none,,False,0.6241804957389832,0.01257124450057745,,,0.9843137264251709,,,,,,,,,,,,,,,,,,,,,,,,,,,,,,,,,,,,,,,,,,,fallback,378_0.69_1.33.png,True,0.6241804957389832,0.01257124450057745,2.1329667568206787,2.63262677192688,0.9843137264251709,0.513179361820221,0.5511673092842102,0.5344759821891785,0.1681300699710846,0.004336359445005655,0.014616506174206734,0.00793782714754343,0.45729002356529236,0.48467129468917847,0.47966518998146057,0.1598837524652481,0.0014677889412268996,0.001265793340280652,0.0006063221953809261,0.3408709168434143,0.28813087940216064,0.26896992325782776,0.09733453392982483,0.9540754556655884,0.9616379141807556,0.012028764933347702,0.9546180963516235,0.9557614326477051,0.003718763357028365,0.9520594477653503,0.9522472620010376,0.0015058681601658463,0.0,0.0012002142611891031,0.07301023602485657,0.005524223670363426,0.019572947174310684,0.9502063393592834,0.06932368874549866,0.23141968250274658,7.776805546200194e-07,7.776805546200194e-07,0.2687828838825226,0.0012002142611891031,0.07301023602485657,1.7079828662502905e-09,0.024780025705695152
37_0.68_1.27.png,39.12765884399414,40.35171890258789,1.22406005859375,0.9974555969238281,0.9974668025970459,1.1205673217773438e-05,0.017295360565185547,0.027349233627319336,none,,False,0.5675253868103027,0.009413959458470345,,,0.9895424842834473,,,,,,,,,,,,,,,,,,,,,,,,,,,,,,,,,,,,,,,,,,,fallback,37_0.68_1.27.png,True,0.5675253868103027,0.009413959458470345,1.4331644773483276,2.1069564819335938,0.9895424842834473,0.5089432597160339,0.5553361177444458,0.5296801328659058,0.16696611046791077,0.004907130729407072,0.0177318062633276,0.009562913328409195,0.4447826147079468,0.48490214347839355,0.466560423374176,0.15835462510585785,0.0014923957642167807,0.0013503027148544788,0.0006277503562159836,0.2653959095478058,0.27363017201423645,0.30230841040611267,0.054666854441165924,0.9538172483444214,0.9613991975784302,0.010061684064567089,0.9545966386795044,0.9560253620147705,0.0039872173219919205,0.9520659446716309,0.9522989392280579,0.001548142172396183,0.0,0.0010236840462312102,0.06378015875816345,0.004472540691494942,0.020030824467539787,0.9502371549606323,0.06522689759731293,0.22060427069664001,9.209201721205318e-07,9.209201721205318e-07,0.3021683692932129,0.0010236840462312102,0.06378015875816345,1.7071823954495358e-09,0.02495596371591091
381_0.57_0.52.png,40.090545654296875,39.558712005615234,-0.5318336486816406,0.9992445707321167,0.9992191195487976,-2.5451183319091797e-05,0.01739358901977539,0.0274503231048584,none,,False,0.583330512046814,0.023575346916913986,,,0.9895424842834473,,,,,,,,,,,,,,,,,,,,,,,,,,,,,,,,,,,,,,,,,,,fallback,381_0.57_0.52.png,True,0.583330512046814,0.023575346916913986,1.5387860536575317,2.0517098903656006,0.9895424842834473,0.5208684206008911,0.5556358098983765,0.5419722199440002,0.16687677800655365,0.004481706768274307,0.015917986631393433,0.008850794285535812,0.4580065906047821,0.4846373498439789,0.48044049739837646,0.15823271870613098,0.0014409978175535798,0.001222508610226214,0.0005848665023222566,0.38137972354888916,0.27629557251930237,0.26828986406326294,0.06946811825037003,0.954445481300354,0.9608070254325867,0.01258088555186987,0.954645574092865,0.9554123282432556,0.003976457752287388,0.9520612955093384,0.9522373080253601,0.0014813120942562819,0.0,0.0011727637611329556,0.05916669964790344,0.0042818509973585606,0.019605791196227074,0.9502823352813721,0.07263758033514023,0.18349048495292664,7.48998843391746e-07,7.48998843391746e-07,0.2680627703666687,0.0011727637611329556,0.05916669964790344,1.4450165508606005e-09,0.024924512952566147
389_0.93_0.77.png,35.381683349609375,35.41563415527344,0.0339508056640625,0.9966669082641602,0.9967292547225952,6.23464584350586e-05,0.017320871353149414,0.02736186981201172,none,,False,0.5355504155158997,0.01765839383006096,,,0.9986928701400757,,,,,,,,,,,,,,,,,,,,,,,,,,,,,,,,,,,,,,,,,,,fallback,389_0.93_0.77.png,True,0.5355504155158997,0.01765839383006096,1.7368849515914917,2.230494499206543,0.9986928701400757,0.5121955871582031,0.5533561110496521,0.5331885814666748,0.16743506491184235,0.004421668592840433,0.015496834181249142,0.008363107219338417,0.4497177004814148,0.4843916893005371,0.47173774242401123,0.15898017585277557,0.0014414375182241201,0.0012324999552220106,0.0005842887912876904,0.36587849259376526,0.27308687567710876,0.290625661611557,0.09268809854984283,0.9539876580238342,0.9599578380584717,0.015386841259896755,0.9547052383422852,0.9556941390037537,0.004398522898554802,0.9520570635795593,0.9522259831428528,0.0014858094509691,0.0,0.00133435835596174,0.07927852869033813,0.004767242819070816,0.02033825032413006,0.9501630067825317,0.07322945445775986,0.21845032274723053,7.29808618871175e-07,7.29808618871175e-07,0.2904367446899414,0.00133435835596174,0.07927852869033813,1.759777878973523e-09,0.024956582114100456
38_0.79_1.15.png,35.564334869384766,36.23421859741211,0.6698837280273438,0.9970519542694092,0.9970883727073669,3.641843795776367e-05,0.01729869842529297,0.02854180335998535,none,,False,0.6153847575187683,0.009806841611862183,,,0.9947712421417236,,,,,,,,,,,,,,,,,,,,,,,,,,,,,,,,,,,,,,,,,,,fallback,38_0.79_1.15.png,True,0.6153847575187683,0.009806841611862183,1.4407215118408203,2.111285924911499,0.9947712421417236,0.5092799663543701,0.555730402469635,0.5300067067146301,0.16685564815998077,0.0049238200299441814,0.017812425270676613,0.009659085422754288,0.44469645619392395,0.484942227602005,0.4664711058139801,0.1582033783197403,0.0014933920465409756,0.0013554749311879277,0.0006305592251010239,0.2740229368209839,0.2673662304878235,0.2915739417076111,0.05175931379199028,0.9538251161575317,0.9615663886070251,0.00998963788151741,0.9546324610710144,0.9559854865074158,0.004127328284084797,0.9520648717880249,0.9523196816444397,0.0015669772401452065,0.0,0.0009342139237560332,0.06429304927587509,0.0044263130985200405,0.01851639896631241,0.950186014175415,0.0602622851729393,0.21919921040534973,9.168540486825805e-07,9.168540486825805e-07,0.29142823815345764,0.0009342139237560332,0.06429304927587509,1.5531202990359816e-09,0.024965310469269753
391_0.7_1.28.png,34.587406158447266,35.12310791015625,0.5357017517089844,0.9959573745727539,0.9961355924606323,0.00017821788787841797,0.017457962036132812,0.027193784713745117,none,,False,0.4979639947414398,0.01452220045030117,,,0.9960784316062927,,,,,,,,,,,,,,,,,,,,,,,,,,,,,,,,,,,,,,,,,,,fallback,391_0.7_1.28.png,True,0.4979639947414398,0.01452220045030117,1.7210452556610107,2.2180919647216797,0.9960784316062927,0.5125847458839417,0.5534902215003967,0.5335797667503357,0.1673993617296219,0.0044299541041255,0.01554209552705288,0.00831813458353281,0.44995662569999695,0.4844358265399933,0.4719889461994171,0.15893426537513733,0.0014415847836062312,0.0012331033358350396,0.000581243191845715,0.30522313714027405,0.2920404374599457,0.32646799087524414,0.0961180329322815,0.9537836909294128,0.9595332145690918,0.014654964208602905,0.9546624422073364,0.9556891918182373,0.0042434134520590305,0.9520583152770996,0.952244758605957,0.0014607207849621773,0.0,0.0013083680532872677,0.08217737823724747,0.004593888763338327,0.021111350506544113,0.9501727819442749,0.07487647235393524,0.22545531392097473,9.130901048592932e-07,9.130901048592932e-07,0.3263188898563385,0.0013083680532872677,0.08217737823724747,1.894097101384773e-09,0.024964531883597374
397_0.92_1.2.png,32.717166900634766,32.857025146484375,0.13985824584960938,0.9936583042144775,0.9937663078308105,0.00010800361633300781,0.017560958862304688,0.02756333351135254,none,,False,0.5968037843704224,0.023126088082790375,,,0.9986928701400757,,,,,,,,,,,,,,,,,,,,,,,,,,,,,,,,,,,,,,,,,,,fallback,397_0.92_1.2.png,True,0.5968037843704224,0.023126088082790375,1.3938685655593872,1.8940739631652832,0.9986928701400757,0.5080001354217529,0.5489950776100159,0.5288601517677307,0.16884249448776245,0.003996880725026131,0.014072456397116184,0.007508539594709873,0.44209304451942444,0.48463577032089233,0.4637433588504791,0.1611408293247223,0.0013714709784835577,0.0010683464352041483,0.0005029047606512904,0.39499858021736145,0.2827487885951996,0.2550264000892639,0.08065877854824066,0.9539071917533875,0.9615715742111206,0.014236216433346272,0.9546865820884705,0.955894410610199,0.003984343260526657,0.9520593285560608,0.952290952205658,0.0014739814214408398,0.0,0.0010806175414472818,0.06356129795312881,0.004709458444267511,0.019241400063037872,0.9501596689224243,0.07040736824274063,0.20533747971057892,8.641217732474615e-07,8.641217732474615e-07,0.2547317445278168,0.0010806175414472818,0.06356129795312881,1.0443292897122092e-09,0.024770965799689293
398_0.74_1.43.png,33.40763854980469,33.80904006958008,0.4014015197753906,0.9947459101676941,0.9948854446411133,0.00013953447341918945,0.017419815063476562,0.027372121810913086,none,,False,0.5412612557411194,0.021797597408294678,,,0.9947712421417236,,,,,,,,,,,,,,,,,,,,,,,,,,,,,,,,,,,,,,,,,,,fallback,398_0.74_1.43.png,True,0.5412612557411194,0.021797597408294678,1.3760151863098145,1.8799769878387451,0.9947712421417236,0.5080151557922363,0.5490642786026001,0.5288673043251038,0.16885881125926971,0.003997106105089188,0.014093678444623947,0.007476468104869127,0.4421346187591553,0.48469477891921997,0.4637874364852905,0.1611613780260086,0.0013702205615118146,0.0010652863420546055,0.0005002182442694902,0.36019957065582275,0.2810721695423126,0.28481268882751465,0.09151928871870041,0.9538268446922302,0.9609933495521545,0.013967359438538551,0.9546652436256409,0.9559195637702942,0.0038716676644980907,0.952060341835022,0.9522900581359863,0.0014446459244936705,0.0,0.0011336412280797958,0.06367313861846924,0.004778800066560507,0.02061307802796364,0.9501952528953552,0.07492563128471375,0.20541653037071228,8.848297170516162e-07,8.848297170516162e-07,0.2845441997051239,0.0011336412280797958,0.06367313861846924,1.1654044396181007e-09,0.024869533255696297
415_0.69_1.6.png,32.09527587890625,32.04978561401367,-0.045490264892578125,0.9945454001426697,0.9945675134658813,2.2113323211669922e-05,0.017374753952026367,0.027475833892822266,none,,False,0.6897255182266235,0.010835189372301102,,,0.9725490808486938,,,,,,,,,,,,,,,,,,,,,,,,,,,,,,,,,,,,,,,,,,,fallback,415_0.69_1.6.png,True,0.6897255182266235,0.010835189372301102,0.7782115340232849,1.2097768783569336,0.9725490808486938,0.5132800936698914,0.5505528450012207,0.5339398980140686,0.16825412213802338,0.004138994961977005,0.015059415251016617,0.00812683254480362,0.44394052028656006,0.48424312472343445,0.46570250391960144,0.16004319489002228,0.0013501568464562297,0.001035911962389946,0.0004780076560564339,0.24742844700813293,0.24925106763839722,0.30534470081329346,0.06750290095806122,0.9539457559585571,0.9602745771408081,0.010157433338463306,0.9546017646789551,0.9557252526283264,0.003399565815925598,0.9520680904388428,0.9522435069084167,0.001465307199396193,0.0,0.0005822830135002732,0.07465961575508118,0.004085382912307978,0.016000675037503242,0.950114369392395,0.05119415372610092,0.2467956244945526,8.257347872131504e-07,8.257347872131504e-07,0.3052072525024414,0.0005822830135002732,0.07465961575508118,9.544425250140876e-10,0.02492488920688629
421_0.56_1.28.png,39.23780059814453,38.87813186645508,-0.3596687316894531,0.9970587491989136,0.996991753578186,-6.699562072753906e-05,0.01862192153930664,0.027268648147583008,none,,False,0.5806971192359924,0.006947503425180912,,,0.9215686321258545,,,,,,,,,,,,,,,,,,,,,,,,,,,,,,,,,,,,,,,,,,,fallback,421_0.56_1.28.png,True,0.5806971192359924,0.006947503425180912,2.0803160667419434,2.740544557571411,0.9215686321258545,0.5201994180679321,0.5550417900085449,0.5413433909416199,0.16701629757881165,0.004420175217092037,0.01552803535014391,0.008517335169017315,0.4587983787059784,0.4844944179058075,0.4812680780887604,0.1584227979183197,0.0014417747734114528,0.0012250473955646157,0.0005821303348056972,0.2989707291126251,0.2746942341327667,0.2798280417919159,0.07179905474185944,0.9539496898651123,0.9605057835578918,0.01029725931584835,0.9545799493789673,0.9555826187133789,0.003644714131951332,0.9520635604858398,0.9522644281387329,0.0015008950140327215,0.0,0.0010433339048177004,0.06887597590684891,0.004645895212888718,0.019247684627771378,0.9502151012420654,0.06645539402961731,0.22331461310386658,7.146218763409706e-07,7.146218763409706e-07,0.27969008684158325,0.0010433339048177004,0.06887597590684891,1.3849772440011066e-09,0.024824149906635284
423_0.92_0.7.png,37.23965835571289,37.321746826171875,0.08208847045898438,0.9970490336418152,0.9970690608024597,2.002716064453125e-05,0.018743038177490234,0.028797149658203125,none,,False,0.6056056618690491,0.0074316877871751785,,,0.9673203229904175,,,,,,,,,,,,,,,,,,,,,,,,,,,,,,,,,,,,,,,,,,,fallback,423_0.92_0.7.png,True,0.6056056618690491,0.0074316877871751785,2.109382390975952,2.766266107559204,0.9673203229904175,0.5195651650428772,0.5548569560050964,0.5407366752624512,0.1670549213886261,0.004445456434041262,0.015570536255836487,0.008567750453948975,0.4590548574924469,0.4845210909843445,0.48153388500213623,0.15847642719745636,0.0014506184961646795,0.0012422703439369798,0.0005912522319704294,0.334116667509079,0.2627178728580475,0.2559281289577484,0.052793700248003006,0.9541734457015991,0.9600551724433899,0.01140314619988203,0.954612672328949,0.9556151628494263,0.003778480924665928,0.9520609378814697,0.9522154927253723,0.0015120580792427063,0.0,0.0011977411340922117,0.07716353237628937,0.0054028755985200405,0.019513966515660286,0.9502103328704834,0.06856463849544525,0.2331557422876358,5.863003593731264e-07,5.863003593731264e-07,0.2557829022407532,0.0011977411340922117,0.07716353237628937,1.6171125549746534e-09,0.024992169812321663
425_0.89_1.0.png,35.86610412597656,35.89775466918945,0.031650543212890625,0.9923563003540039,0.9924675226211548,0.0001112222671508789,0.01743912696838379,0.027315855026245117,none,,False,0.5001808404922485,0.013597749173641205,,,0.9947712421417236,,,,,,,,,,,,,,,,,,,,,,,,,,,,,,,,,,,,,,,,,,,fallback,425_0.89_1.0.png,True,0.5001808404922485,0.013597749173641205,1.45964777469635,1.3161262273788452,0.9947712421417236,0.5195815563201904,0.5556426644325256,0.5405856966972351,0.17537663877010345,0.003828686662018299,0.013498151674866676,0.007339571602642536,0.4541013538837433,0.484435111284256,0.4763569235801697,0.16883502900600433,0.0013308720663189888,0.0009677818743512034,0.00046252430183812976,0.3999815285205841,0.23542717099189758,0.24804918467998505,0.060729991644620895,0.9536034464836121,0.9606059789657593,0.009261581115424633,0.9546582698822021,0.9557024240493774,0.003438513958826661,0.9520646333694458,0.9522095322608948,0.0014773854054510593,0.0,0.0013522724620997906,0.0851505696773529,0.009684726595878601,0.02083040028810501,0.9501911997795105,0.07371657341718674,0.2674826383590698,5.502376438926149e-07,5.502376438926149e-07,0.24785713851451874,0.0013522724620997906,0.0851505696773529,1.635415247669414e-09,0.024991611018776894
426_0.75_1.86.png,32.933162689208984,32.81840515136719,-0.11475753784179688,0.9849004149436951,0.9847110509872437,-0.00018936395645141602,0.017383098602294922,0.027239322662353516,none,,False,0.5869516730308533,0.010548626072704792,,,0.9921568632125854,,,,,,,,,,,,,,,,,,,,,,,,,,,,,,,,,,,,,,,,,,,fallback,426_0.75_1.86.png,True,0.5869516730308533,0.010548626072704792,1.4418281316757202,1.2710533142089844,0.9921568632125854,0.5198041796684265,0.5559091567993164,0.5408568978309631,0.1760624647140503,0.003806445514783263,0.01330482866615057,0.00721710454672575,0.45501330494880676,0.4845867156982422,0.47731149196624756,0.16960260272026062,0.0013345638290047646,0.0009759980603121221,0.0004681594728026539,0.305828332901001,0.24135395884513855,0.2812860310077667,0.0729350745677948,0.9532907605171204,0.9603328108787537,0.008538036607205868,0.9545469880104065,0.9556818008422852,0.003325544996187091,0.952065646648407,0.9522087574005127,0.0015233037993311882,0.0,0.0008615030674263835,0.07466490566730499,0.005738026928156614,0.01702592894434929,0.9500522613525391,0.055266205221414566,0.2577914893627167,7.077189252413518e-07,7.077189252413518e-07,0.2811236083507538,0.0008615030674263835,0.07466490566730499,1.239893299143091e-09,0.024783417582511902
429_0.66_1.55.png,35.42176818847656,36.15204620361328,0.7302780151367188,0.9965075850486755,0.9965896010398865,8.20159912109375e-05,0.017473220825195312,0.027235984802246094,none,,False,0.5686074495315552,0.019632680341601372,,,0.8941177129745483,,,,,,,,,,,,,,,,,,,,,,,,,,,,,,,,,,,,,,,,,,,fallback,429_0.66_1.55.png,True,0.5686074495315552,0.019632680341601372,1.1154570579528809,1.486810326576233,0.8941177129745483,0.5147861838340759,0.5471603870391846,0.5358822345733643,0.16934233903884888,0.0038169065956026316,0.013094817288219929,0.007041055243462324,0.45261362195014954,0.4836761951446533,0.4747820198535919,0.16034631431102753,0.0013556493213400245,0.0010249323677271605,0.0004861815250478685,0.31237149238586426,0.26537203788757324,0.29572051763534546,0.06533754616975784,0.9539057612419128,0.9598423838615417,0.009643922559916973,0.9546350240707397,0.9557165503501892,0.003174422075971961,0.9520642757415771,0.9523543119430542,0.0014254223788157105,0.0,0.00104376336093992,0.06512776017189026,0.0044494266621768475,0.020115014165639877,0.9502378702163696,0.0683630183339119,0.21932895481586456,7.935412327242375e-07,7.935412327242375e-07,0.29555797576904297,0.00104376336093992,0.06512776017189026,1.2614038702452035e-09,0.024989735335111618
436_0.62_1.79.png,34.17308044433594,33.97628402709961,-0.19679641723632812,0.9949331283569336,0.9948723316192627,-6.079673767089844e-05,0.017106294631958008,0.027581453323364258,none,,False,0.7390962243080139,0.00940253771841526,,,0.988235354423523,,,,,,,,,,,,,,,,,,,,,,,,,,,,,,,,,,,,,,,,,,,fallback,436_0.62_1.79.png,True,0.7390962243080139,0.00940253771841526,0.49855828285217285,0.9730515480041504,0.988235354423523,0.519416332244873,0.5508120656013489,0.5400810241699219,0.1682979315519333,0.004221848677843809,0.015647001564502716,0.008504454046487808,0.44665655493736267,0.48346763849258423,0.46856117248535156,0.16009870171546936,0.0013384956400841475,0.0010090065188705921,0.00047168825403787196,0.1772502213716507,0.24368277192115784,0.34787440299987793,0.0900503396987915,0.9539775252342224,0.9599152207374573,0.014286433346569538,0.9546512365341187,0.9558778405189514,0.00403719674795866,0.9520633816719055,0.9522237777709961,0.0014389926800504327,0.0,0.0005650119855999947,0.0469825379550457,0.0030857063829898834,0.014377821236848831,0.94996577501297,0.04578032344579697,0.2193630486726761,7.576689995403285e-07,7.576689995403285e-07,0.3477395176887512,0.0005650119855999947,0.0469825379550457,9.196233219377348e-10,0.024736637249588966
437_0.87_0.76.png,36.81357955932617,37.293365478515625,0.4797859191894531,0.9946689605712891,0.9949071407318115,0.00023818016052246094,0.018346786499023438,0.027164220809936523,none,,False,0.5360188484191895,0.011876918375492096,,,1.0,,,,,,,,,,,,,,,,,,,,,,,,,,,,,,,,,,,,,,,,,,,fallback,437_0.87_0.76.png,True,0.5360188484191895,0.011876918375492096,2.474421501159668,2.0314457416534424,1.0,0.500709593296051,0.5560892820358276,0.5218528509140015,0.1689111292362213,0.00409581558778882,0.01296743843704462,0.0068021779879927635,0.44333499670028687,0.48465797305107117,0.46501675248146057,0.1581176221370697,0.0014671292155981064,0.0013026506640017033,0.0006098790327087045,0.40692347288131714,0.2125406414270401,0.2553555369377136,0.05472126230597496,0.9537442326545715,0.9612610340118408,0.00966127309948206,0.9545466899871826,0.9557546377182007,0.0038372306153178215,0.9520620703697205,0.9522350430488586,0.001572818262502551,0.0,0.0009661128278821707,0.07862605899572372,0.003611547639593482,0.019184529781341553,0.9501909613609314,0.062353190034627914,0.19255733489990234,1.0824379614859936e-06,1.0824379614859936e-06,0.25517281889915466,0.0009661128278821707,0.07862605899572372,1.5786644214088597e-09,0.02460365742444992
43_0.92_1.86.png,26.68514060974121,26.78813934326172,0.10299873352050781,0.9809421300888062,0.981082558631897,0.0001404285430908203,0.01872086524963379,0.02743387222290039,none,,False,0.6241189241409302,0.01352686993777752,,,0.9843137264251709,,,,,,,,,,,,,,,,,,,,,,,,,,,,,,,,,,,,,,,,,,,fallback,43_0.92_1.86.png,True,0.6241189241409302,0.01352686993777752,2.7951889038085938,2.176429271697998,0.9843137264251709,0.5049650073051453,0.5559490323066711,0.5263973474502563,0.17172373831272125,0.0043419478461146355,0.0140287596732378,0.007442142814397812,0.45354989171028137,0.4848029911518097,0.47571974992752075,0.16441483795642853,0.0015151576371863484,0.0013760786969214678,0.0006608883268199861,0.3185665011405945,0.29506534337997437,0.2695702612400055,0.07614981383085251,0.9534152150154114,0.9590229392051697,0.013458254747092724,0.9542641043663025,0.9558262228965759,0.00436379062011838,0.952061116695404,0.9522884488105774,0.0016606833087280393,0.0,0.001157267251983285,0.10587412118911743,0.009569156914949417,0.017612649127840996,0.950114369392395,0.05820328742265701,0.26279693841934204,1.2973183629583218e-06,1.2973183629583218e-06,0.26939234137535095,0.001157267251983285,0.10587412118911743,2.5191075891939363e-09,0.02444438450038433
448_0.97_1.07.png,35.22513961791992,35.599246978759766,0.37410736083984375,0.9979178309440613,0.9979363679885864,1.8537044525146484e-05,0.017339706420898438,0.028545856475830078,none,,False,0.7509334087371826,0.015395212918519974,,,0.9921568632125854,,,,,,,,,,,,,,,,,,,,,,,,,,,,,,,,,,,,,,,,,,,fallback,448_0.97_1.07.png,True,0.7509334087371826,0.015395212918519974,0.9012648463249207,1.592578411102295,0.9921568632125854,0.5227680802345276,0.5565817356109619,0.5434846878051758,0.16666285693645477,0.004765746183693409,0.01770533062517643,0.009749645367264748,0.45212459564208984,0.48389768600463867,0.4742928147315979,0.1579405814409256,0.0014283866621553898,0.0012234088499099016,0.0005761536885984242,0.20985248684883118,0.26265284419059753,0.31484121084213257,0.07814880460500717,0.9539334774017334,0.9586365818977356,0.015254187397658825,0.9546094536781311,0.9558752179145813,0.004621000029146671,0.9520621299743652,0.9522100687026978,0.001542602083645761,0.0,0.0008535797824151814,0.05449603125452995,0.004501433111727238,0.014716511592268944,0.9499639272689819,0.047906503081321716,0.2028447687625885,7.538199611190066e-07,7.538199611190066e-07,0.3147004544734955,0.0008535797824151814,0.05449603125452995,1.4022881744679694e-09,0.024973051622509956
449_0.79_1.15.png,44.02106475830078,43.804832458496094,-0.2162322998046875,0.9984409213066101,0.9984463453292847,5.424022674560547e-06,0.017494678497314453,0.026955127716064453,none,,False,0.580223560333252,0.01839590072631836,,,0.9986928701400757,,,,,,,,,,,,,,,,,,,,,,,,,,,,,,,,,,,,,,,,,,,fallback,449_0.79_1.15.png,True,0.580223560333252,0.01839590072631836,2.203396797180176,2.4570014476776123,0.9986928701400757,0.5154402256011963,0.5568448901176453,0.536522388458252,0.1665383279323578,0.004360435530543327,0.015046988613903522,0.008111348375678062,0.4532199800014496,0.4846612811088562,0.47541236877441406,0.15814128518104553,0.0014389308635145426,0.001228704466484487,0.0005843937979079783,0.2985149323940277,0.2292613536119461,0.2819836437702179,0.07332158833742142,0.9534722566604614,0.9616641402244568,0.011765150353312492,0.9545098543167114,0.9554916620254517,0.003436390543356538,0.9520650506019592,0.9522552490234375,0.0015360702527686954,0.0,0.0010705250315368176,0.06472206860780716,0.003738674335181713,0.019005097448825836,0.950153648853302,0.06259063631296158,0.20736131072044373,1.151970423052262e-06,1.151970423052262e-06,0.281800240278244,0.0010705250315368176,0.06472206860780716,1.3703790324726128e-09,0.02489456720650196
450_0.79_1.75.png,40.752811431884766,40.92686080932617,0.17404937744140625,0.9971315264701843,0.9971388578414917,7.331371307373047e-06,0.017436742782592773,0.02725696563720703,none,,False,0.6260778903961182,0.013611934147775173,,,0.9973856806755066,,,,,,,,,,,,,,,,,,,,,,,,,,,,,,,,,,,,,,,,,,,fallback,450_0.79_1.75.png,True,0.6260778903961182,0.013611934147775173,2.1803479194641113,2.430206298828125,0.9973856806755066,0.5154111981391907,0.5568215847015381,0.5364974141120911,0.1665395200252533,0.004364114720374346,0.01506101991981268,0.008098295889794827,0.4532674252986908,0.4846028685569763,0.47546181082725525,0.15814240276813507,0.001439879066310823,0.0012303737457841635,0.0005831816233694553,0.23516568541526794,0.22560836374759674,0.3052719831466675,0.0766717940568924,0.9532712697982788,0.9616435170173645,0.011745091527700424,0.9544060230255127,0.9554517865180969,0.003561932360753417,0.9520648717880249,0.9522585868835449,0.0015727003337815404,0.0,0.0008275543223135173,0.06340593844652176,0.0032012758310884237,0.017193248495459557,0.9500631093978882,0.05361049249768257,0.2032334804534912,1.4580622291759937e-06,1.4580622291759937e-06,0.3051181733608246,0.0008275543223135173,0.06340593844652176,1.204637167795397e-09,0.02490886300802231
459_0.9_0.51.png,38.79694747924805,39.09877014160156,0.3018226623535156,0.9986695051193237,0.9987146854400635,4.5180320739746094e-05,0.017401933670043945,0.02729058265686035,none,,False,0.5023038387298584,0.03121310845017433,,,0.9895424842834473,,,,,,,,,,,,,,,,,,,,,,,,,,,,,,,,,,,,,,,,,,,fallback,459_0.9_0.51.png,True,0.5023038387298584,0.03121310845017433,1.552077293395996,1.4908943176269531,0.9895424842834473,0.4937511384487152,0.5493959784507751,0.5146204829216003,0.17188726365566254,0.0038826388772577047,0.012536637485027313,0.006527233403176069,0.4401293992996216,0.48472025990486145,0.4616588354110718,0.16493955254554749,0.0014204570325091481,0.0011894768103957176,0.0005591646768152714,0.5034422874450684,0.2064574807882309,0.2367078810930252,0.06547509133815765,0.9542537927627563,0.959711492061615,0.013669995591044426,0.9546108245849609,0.9559378623962402,0.0038457715418189764,0.9520557522773743,0.9522064328193665,0.0014247964136302471,0.0,0.0017640306614339352,0.08762173354625702,0.006991956382989883,0.02382289245724678,0.9503357410430908,0.09060873091220856,0.2309229075908661,6.690660256936098e-07,6.690660256936098e-07,0.23643800616264343,0.0017640306614339352,0.08762173354625702,2.169472823609908e-09,0.024968864396214485
467_0.75_1.41.png,34.12937545776367,34.14338684082031,0.014011383056640625,0.9978407621383667,0.9977906942367554,-5.0067901611328125e-05,0.017400264739990234,0.028571605682373047,none,,False,0.7209995985031128,0.014299813657999039,,,0.9673203229904175,,,,,,,,,,,,,,,,,,,,,,,,,,,,,,,,,,,,,,,,,,,fallback,467_0.75_1.41.png,True,0.7209995985031128,0.014299813657999039,0.5085666179656982,0.7474693059921265,0.9673203229904175,0.5194976925849915,0.5508255958557129,0.5399554371833801,0.17009611427783966,0.0040102689526975155,0.015322986990213394,0.00837522279471159,0.4471994936466217,0.4820481538772583,0.46914148330688477,0.15988042950630188,0.0012871988583356142,0.000878918101079762,0.0004091703158337623,0.2237825095653534,0.19295673072338104,0.2906707227230072,0.05358042195439339,0.9537935256958008,0.961268961429596,0.009862145408987999,0.9545987844467163,0.9557963609695435,0.0032216638792306185,0.9520724415779114,0.9522920250892639,0.0014947159215807915,0.0,0.0003471092495601624,0.047018300741910934,0.0014041697140783072,0.013385815545916557,0.9500271677970886,0.040330711752176285,0.13949081301689148,8.261929451691685e-07,8.261929451691685e-07,0.29054126143455505,0.0003471092495601624,0.047018300741910934,5.815217751781177e-10,0.024786129593849182
469_0.67_1.87.png,34.87921905517578,35.074920654296875,0.19570159912109375,0.9963604211807251,0.9963783025741577,1.7881393432617188e-05,0.017249345779418945,0.0270841121673584,none,,False,0.5751047730445862,0.021115601062774658,,,0.9973856806755066,,,,,,,,,,,,,,,,,,,,,,,,,,,,,,,,,,,,,,,,,,,fallback,469_0.67_1.87.png,True,0.5751047730445862,0.021115601062774658,1.8304474353790283,1.9208383560180664,0.9973856806755066,0.5029138326644897,0.5527040958404541,0.5236833691596985,0.16517244279384613,0.004002999048680067,0.013713701628148556,0.00712901446968317,0.4418190121650696,0.4844911992549896,0.4634532332420349,0.15701761841773987,0.0013871126575395465,0.001115723280236125,0.0005145719042047858,0.2588764429092407,0.2432204782962799,0.3126028776168823,0.07124985009431839,0.9534955620765686,0.9597065448760986,0.012808158993721008,0.9545024633407593,0.9555708765983582,0.0036256674211472273,0.9520647525787354,0.9522671699523926,0.0014836312038823962,0.0,0.0009327361476607621,0.07484006136655807,0.004582331981509924,0.01881031133234501,0.9501345753669739,0.06112733483314514,0.24118191003799438,1.0827066034835298e-06,1.0827066034835298e-06,0.31244394183158875,0.0009327361476607621,0.07484006136655807,1.6286563209177984e-09,0.024942239746451378
473_0.55_0.65.png,34.92858123779297,34.8092155456543,-0.11936569213867188,0.997296929359436,0.9971650838851929,-0.00013184547424316406,0.01850295066833496,0.027512550354003906,none,,False,0.4641278386116028,0.02449953742325306,,,0.9673203229904175,,,,,,,,,,,,,,,,,,,,,,,,,,,,,,,,,,,,,,,,,,,fallback,473_0.55_0.65.png,True,0.4641278386116028,0.02449953742325306,1.4570469856262207,1.5231281518936157,0.9673203229904175,0.5047804713249207,0.5514308214187622,0.5254849791526794,0.16993795335292816,0.00382233876734972,0.012849051505327225,0.006892049219459295,0.443064421415329,0.48389410972595215,0.464768648147583,0.1596553474664688,0.0013559734215959907,0.0010602022521197796,0.000498155306559056,0.529053807258606,0.2228993922472,0.22242066264152527,0.054352663457393646,0.9543291926383972,0.9632613658905029,0.011646903119981289,0.9546642303466797,0.956234335899353,0.0038449892308562994,0.9520615935325623,0.9522433876991272,0.0014073833590373397,0.0,0.0020002166274935007,0.07669307291507721,0.008921967819333076,0.024776721373200417,0.9504018425941467,0.09844056516885757,0.26239264011383057,6.759338475603727e-07,6.759338475603727e-07,0.2221466600894928,0.0020002166274935007,0.07669307291507721,2.3545063676522204e-09,0.02494797669351101
482_0.6_1.17.png,39.44270324707031,39.18710708618164,-0.2555961608886719,0.9983077049255371,0.9982632994651794,-4.4405460357666016e-05,0.01730942726135254,0.026712417602539062,none,,False,0.5926632285118103,0.02182583138346672,,,0.9647058844566345,,,,,,,,,,,,,,,,,,,,,,,,,,,,,,,,,,,,,,,,,,,fallback,482_0.6_1.17.png,True,0.5926632285118103,0.02182583138346672,1.365749716758728,1.3868606090545654,0.9647058844566345,0.516096293926239,0.5560977458953857,0.537305474281311,0.16890090703964233,0.004163888283073902,0.014271866530179977,0.007734872866421938,0.4563430845737457,0.4845665693283081,0.4786851108074188,0.15809378027915955,0.0014255093410611153,0.001178243081085384,0.0005640556337311864,0.413613498210907,0.25618308782577515,0.25475847721099854,0.07879801839590073,0.9539701342582703,0.9600175023078918,0.010168188251554966,0.9545814394950867,0.9553955793380737,0.0033653706777840853,0.9520605206489563,0.9522630572319031,0.0014705352950841188,0.0,0.0010545721743255854,0.07825162261724472,0.0053970967419445515,0.018581880256533623,0.950231671333313,0.06755929440259933,0.20985114574432373,6.842241759841272e-07,6.842241759841272e-07,0.25452908873558044,0.0010545721743255854,0.07825162261724472,1.2540932736726518e-09,0.02476806752383709
494_0.54_1.59.png,30.694143295288086,30.88404655456543,0.18990325927734375,0.9882817268371582,0.9887224435806274,0.0004407167434692383,0.017470121383666992,0.025914430618286133,none,,False,0.6627515554428101,0.007022114470601082,,,0.9895424842834473,,,,,,,,,,,,,,,,,,,,,,,,,,,,,,,,,,,,,,,,,,,fallback,494_0.54_1.59.png,True,0.6627515554428101,0.007022114470601082,1.7208858728408813,2.511565923690796,0.9895424842834473,0.5197287797927856,0.5542524456977844,0.5408165454864502,0.16720351576805115,0.004544815048575401,0.01621429994702339,0.008851307444274426,0.457809716463089,0.4846409261226654,0.4802316129207611,0.15867580473423004,0.001448041875846684,0.0012320403475314379,0.0005877026706002653,0.3045419454574585,0.2909257113933563,0.2648899555206299,0.08187926560640335,0.9538081288337708,0.9601314663887024,0.009902232326567173,0.9546126127243042,0.9556924700737,0.004059700295329094,0.952059805393219,0.9522200226783752,0.0015450437786057591,0.0,0.0012083934852853417,0.08947228640317917,0.015191614627838135,0.01726107858121395,0.950131893157959,0.06207335367798805,0.28903231024742126,6.007653041706362e-07,6.007653041706362e-07,0.26474133133888245,0.0012083934852853417,0.08947228640317917,2.1741484168558145e-09,0.024896081537008286
4_0.84_1.98.png,30.51824378967285,30.261032104492188,-0.25721168518066406,0.9895608425140381,0.9895145297050476,-4.6312808990478516e-05,0.01742839813232422,0.026028156280517578,none,,False,0.7494743466377258,0.010079335421323776,,,0.9973856806755066,,,,,,,,,,,,,,,,,,,,,,,,,,,,,,,,,,,,,,,,,,,fallback,4_0.84_1.98.png,True,0.7494743466377258,0.010079335421323776,1.4914294481277466,1.1411242485046387,0.9973856806755066,0.49034565687179565,0.5467526316642761,0.5121064782142639,0.16914144158363342,0.00454595685005188,0.013509837910532951,0.007046938873827457,0.4507010281085968,0.4849143922328949,0.4726836085319519,0.16045218706130981,0.0016362746246159077,0.0016532628796994686,0.0007908180123195052,0.2646225392818451,0.20369982719421387,0.26896730065345764,0.04006463661789894,0.9536647796630859,0.9601181745529175,0.010902310721576214,0.9544971585273743,0.9556747674942017,0.004130896646529436,0.9520497918128967,0.9523158073425293,0.001543878810480237,0.0,0.0007961171795614064,0.06067792698740959,0.004068047273904085,0.017478888854384422,0.9500553607940674,0.053835026919841766,0.19223640859127045,5.824412596666662e-07,5.824412596666662e-07,0.2688428461551666,0.0007961171795614064,0.06067792698740959,1.469907862094999e-09,0.024773795157670975
503_0.53_1.35.png,35.03974151611328,34.93296813964844,-0.10677337646484375,0.9923009872436523,0.9921011328697205,-0.00019985437393188477,0.017529726028442383,0.02567768096923828,none,,False,0.572930097579956,0.017114415764808655,,,0.9986928701400757,,,,,,,,,,,,,,,,,,,,,,,,,,,,,,,,,,,,,,,,,,,fallback,503_0.53_1.35.png,True,0.572930097579956,0.017114415764808655,2.8688108921051025,2.6691524982452393,0.9986928701400757,0.5091040134429932,0.5554496645927429,0.5305048823356628,0.1698133796453476,0.004295858554542065,0.013993635773658752,0.0074375467374920845,0.4566832482814789,0.48471513390541077,0.4790172874927521,0.16231399774551392,0.0014930233592167497,0.0013385157799348235,0.0006430204375647008,0.3469594120979309,0.22855184972286224,0.23278619349002838,0.0727611854672432,0.9536106586456299,0.9601860642433167,0.009538623504340649,0.9545291662216187,0.9558916687965393,0.0038724245969206095,0.952056348323822,0.9522168636322021,0.001553684356622398,0.0,0.0010973954340443015,0.1445235162973404,0.006315874867141247,0.018741853535175323,0.9501499533653259,0.0641135647892952,0.23918995261192322,7.637107728442061e-07,7.637107728442061e-07,0.23259209096431732,0.0010973954340443015,0.1445235162973404,1.8863859363449365e-09,0.024876795709133148
50_0.82_1.93.png,32.3527946472168,32.28311538696289,-0.06967926025390625,0.9912904500961304,0.9911273717880249,-0.00016307830810546875,0.01723504066467285,0.026063919067382812,none,,False,0.6840221285820007,0.018777593970298767,,,0.9960784912109375,,,,,,,,,,,,,,,,,,,,,,,,,,,,,,,,,,,,,,,,,,,fallback,50_0.82_1.93.png,True,0.6840221285820007,0.018777593970298767,1.2888612747192383,1.3260533809661865,0.9960784912109375,0.5041095614433289,0.5522927045822144,0.5246457457542419,0.16772069036960602,0.0038532221224159002,0.013569850474596024,0.007115532178431749,0.4392469525337219,0.48317110538482666,0.46077263355255127,0.15935543179512024,0.0013313451781868935,0.0010020043700933456,0.00046169551205821335,0.2573533058166504,0.22625164687633514,0.26459547877311707,0.05516187846660614,0.9533068537712097,0.9607391953468323,0.010133553296327591,0.9545187950134277,0.955883800983429,0.003477813210338354,0.9520698189735413,0.9522455334663391,0.0015385181177407503,0.0,0.0006746138678863645,0.05502381548285484,0.003715560305863619,0.015129041858017445,0.950032651424408,0.04711250588297844,0.1972552239894867,9.445688533560315e-07,9.445688533560315e-07,0.2643865942955017,0.0006746138678863645,0.05502381548285484,1.1288938672748827e-09,0.02486218512058258
515_0.65_1.88.png,37.00129318237305,36.58450698852539,-0.41678619384765625,0.9958981871604919,0.9958059191703796,-9.226799011230469e-05,0.018930912017822266,0.025890827178955078,none,,False,0.680429220199585,0.007540563587099314,,,0.9594771265983582,,,,,,,,,,,,,,,,,,,,,,,,,,,,,,,,,,,,,,,,,,,fallback,515_0.65_1.88.png,True,0.680429220199585,0.007540563587099314,1.4001762866973877,2.253910541534424,0.9594771265983582,0.5180827379226685,0.5533641576766968,0.5391911864280701,0.1673482358455658,0.004977331962436438,0.018220314756035805,0.009848454035818577,0.45620593428611755,0.4848922789096832,0.4785398244857788,0.159234419465065,0.00149496179074049,0.0013236154336482286,0.0006347550079226494,0.2922655940055847,0.2614128589630127,0.27960970997810364,0.07024617493152618,0.95380038022995,0.9612352848052979,0.0092312041670084,0.9544952511787415,0.9553731679916382,0.0036696165334433317,0.9520679116249084,0.9522526860237122,0.0015824768925085664,0.0,0.0006134365685284138,0.04910636320710182,0.0028603458777070045,0.016207436099648476,0.9501544833183289,0.052610814571380615,0.18339212238788605,8.357229148714396e-07,8.357229148714396e-07,0.27945563197135925,0.0006134365685284138,0.04910636320710182,6.811446406906896e-10,0.024484694004058838
526_0.85_0.81.png,37.41429901123047,37.325077056884766,-0.08922195434570312,0.9982680082321167,0.9982749819755554,6.973743438720703e-06,0.021548748016357422,0.02595806121826172,none,,False,0.6416687369346619,0.020529966801404953,,,0.97124183177948,,,,,,,,,,,,,,,,,,,,,,,,,,,,,,,,,,,,,,,,,,,fallback,526_0.85_0.81.png,True,0.6416687369346619,0.020529966801404953,1.4036450386047363,1.7753440141677856,0.97124183177948,0.5175480842590332,0.5530499219894409,0.5385509133338928,0.1676114946603775,0.004053459502756596,0.01418414618819952,0.0077500371262431145,0.4528678059577942,0.48478320240974426,0.4750559628009796,0.1592140942811966,0.0013720756396651268,0.0010707202600315213,0.0005106823518872261,0.3514550030231476,0.25596046447753906,0.2783721685409546,0.06722120940685272,0.9542077779769897,0.961049497127533,0.011355441994965076,0.9546694755554199,0.9556651711463928,0.003868783125653863,0.9520626068115234,0.9522294402122498,0.001454384415410459,0.0,0.0008237447473220527,0.05916079878807068,0.003784902160987258,0.01725119724869728,0.9501878619194031,0.060658812522888184,0.16007083654403687,6.543701829286874e-07,6.543701829286874e-07,0.2781762480735779,0.0008237447473220527,0.05916079878807068,9.174939141765037e-10,0.024765927344560623
544_0.73_1.09.png,38.09028244018555,37.82960510253906,-0.2606773376464844,0.9974595308303833,0.9974106550216675,-4.887580871582031e-05,0.020782470703125,0.026445627212524414,none,,False,0.5755600333213806,0.02920406125485897,,,1.0,,,,,,,,,,,,,,,,,,,,,,,,,,,,,,,,,,,,,,,,,,,fallback,544_0.73_1.09.png,True,0.5755600333213806,0.02920406125485897,1.7606468200683594,1.706486701965332,1.0,0.4948084056377411,0.5514993071556091,0.515479564666748,0.16567349433898926,0.003935541491955519,0.013178701512515545,0.006797665264457464,0.43503332138061523,0.48453840613365173,0.4563271403312683,0.16037899255752563,0.0013932533329352736,0.001142130116932094,0.0005326560349203646,0.3366241157054901,0.21371902525424957,0.27862340211868286,0.0671214833855629,0.9535706043243408,0.9595770239830017,0.013979914598166943,0.9546491503715515,0.9558697938919067,0.0036761367227882147,0.9520612955093384,0.9522401094436646,0.0014502600533887744,0.0,0.0012258935021236539,0.08213364332914352,0.005824704188853502,0.020278366282582283,0.9501531720161438,0.06826179474592209,0.2357235699892044,9.782154393178644e-07,9.782154393178644e-07,0.2783510386943817,0.0012258935021236539,0.08213364332914352,2.1390804683107945e-09,0.02492075227200985
549_0.75_0.59.png,41.17424392700195,41.75453567504883,0.580291748046875,0.9990913271903992,0.9991168975830078,2.5570392608642578e-05,0.01944875717163086,0.02680182456970215,none,,False,0.6521421670913696,0.02079373225569725,,,0.9725490808486938,,,,,,,,,,,,,,,,,,,,,,,,,,,,,,,,,,,,,,,,,,,fallback,549_0.75_0.59.png,True,0.6521421670913696,0.02079373225569725,0.6300488710403442,1.006974220275879,0.9725490808486938,0.514339804649353,0.5479124784469604,0.5352445840835571,0.1689668893814087,0.004002372734248638,0.014152789488434792,0.007778376806527376,0.44843554496765137,0.48486289381980896,0.4704088866710663,0.1612926423549652,0.0013488043332472444,0.001019270159304142,0.00048129912465810776,0.2823338210582733,0.24661438167095184,0.3179706931114197,0.08866821974515915,0.9543052911758423,0.9601403474807739,0.015409198589622974,0.9547248482704163,0.9558004140853882,0.003900778479874134,0.9520621299743652,0.9522230625152588,0.0014225227059796453,0.0,0.001037304988130927,0.06542891263961792,0.006373659707605839,0.018733244389295578,0.9501616954803467,0.063817597925663,0.21789199113845825,8.014012564672157e-07,8.014012564672157e-07,0.3177720308303833,0.001037304988130927,0.06542891263961792,1.443294594949407e-09,0.02497362345457077
555_0.6_1.31.png,38.52363586425781,38.73537063598633,0.21173477172851562,0.9984737634658813,0.998503565788269,2.9802322387695312e-05,0.022056102752685547,0.027401208877563477,none,,False,0.5097879767417908,0.022555921226739883,,,0.9699346423149109,,,,,,,,,,,,,,,,,,,,,,,,,,,,,,,,,,,,,,,,,,,fallback,555_0.6_1.31.png,True,0.5097879767417908,0.022555921226739883,2.7220346927642822,2.0717084407806396,0.9699346423149109,0.49298331141471863,0.5546423196792603,0.5142894387245178,0.16707371175289154,0.004295233637094498,0.013118036091327667,0.006834206636995077,0.4434569478034973,0.4848352372646332,0.4651188552379608,0.15887072682380676,0.0015405843732878566,0.001459950697608292,0.0006847381009720266,0.3985215723514557,0.2461709827184677,0.2649638056755066,0.06067144125699997,0.9536474347114563,0.9591639637947083,0.012568256817758083,0.9544630646705627,0.9556910991668701,0.0037024745251983404,0.9520533084869385,0.9523682594299316,0.0014919857494533062,0.0,0.0012792685301974416,0.055630046874284744,0.004530325531959534,0.022628555074334145,0.9503121972084045,0.07934337854385376,0.18693190813064575,8.154876809385314e-07,8.154876809385314e-07,0.26474228501319885,0.0012792685301974416,0.055630046874284744,1.6265676583415711e-09,0.02473924309015274
558_0.54_1.34.png,39.605186462402344,39.42386245727539,-0.18132400512695312,0.9983327388763428,0.998313844203949,-1.8894672393798828e-05,0.020070791244506836,0.026799440383911133,none,,False,0.573234498500824,0.02207653969526291,,,0.9660131335258484,,,,,,,,,,,,,,,,,,,,,,,,,,,,,,,,,,,,,,,,,,,fallback,558_0.54_1.34.png,True,0.573234498500824,0.02207653969526291,2.008660078048706,2.5072038173675537,0.9660131335258484,0.5229201316833496,0.5567240118980408,0.5438090562820435,0.16654972732067108,0.0043081059120595455,0.015768254175782204,0.008552279323339462,0.4544704854488373,0.48408016562461853,0.47675013542175293,0.15815797448158264,0.0013733536470681429,0.0010832182597368956,0.0005142641020938754,0.25821590423583984,0.2000623345375061,0.3074485659599304,0.06601059436798096,0.9535207748413086,0.959844708442688,0.010126149281859398,0.9545862674713135,0.9558697938919067,0.0035866189282387495,0.9520693421363831,0.9523715972900391,0.001504714833572507,0.0,0.0006125381332822144,0.04800780862569809,0.002484744880348444,0.0167354978621006,0.9501598477363586,0.05336688086390495,0.18486182391643524,1.07462710730033e-06,1.07462710730033e-06,0.30725887417793274,0.0006125381332822144,0.04800780862569809,9.164239367365212e-10,0.02459571696817875
55_0.95_1.7.png,36.17353057861328,36.02760314941406,-0.14592742919921875,0.9944442510604858,0.9944018125534058,-4.2438507080078125e-05,0.017887115478515625,0.025844335556030273,none,,False,0.7185313701629639,0.007944793440401554,,,0.9869281649589539,,,,,,,,,,,,,,,,,,,,,,,,,,,,,,,,,,,,,,,,,,,fallback,55_0.95_1.7.png,True,0.7185313701629639,0.007944793440401554,1.7062429189682007,1.6021398305892944,0.9869281649589539,0.5099762678146362,0.5544002652168274,0.5311435461044312,0.16724717617034912,0.003908803686499596,0.012524202466011047,0.006753439083695412,0.4509390592575073,0.48448464274406433,0.4730117619037628,0.15873496234416962,0.0014124773442745209,0.0011811258736997843,0.0005596915725618601,0.2278996855020523,0.2020733803510666,0.2679532468318939,0.04483802244067192,0.9536658525466919,0.9586226940155029,0.009805037640035152,0.9545521140098572,0.9558196663856506,0.0036644774954766035,0.9520615935325623,0.9522209763526917,0.0015123839257284999,0.0,0.000541752262506634,0.04253734275698662,0.0032475036568939686,0.015157527290284634,0.9500074982643127,0.04605218395590782,0.22142696380615234,7.156884862524748e-07,7.156884862524748e-07,0.267826646566391,0.000541752262506634,0.04253734275698662,6.724917289702148e-10,0.024549337103962898
563_0.58_1.44.png,38.190155029296875,37.798675537109375,-0.3914794921875,0.9909292459487915,0.9903000593185425,-0.0006291866302490234,0.017889976501464844,0.025749683380126953,none,,False,0.626011073589325,0.011423386633396149,,,0.9803921580314636,,,,,,,,,,,,,,,,,,,,,,,,,,,,,,,,,,,,,,,,,,,fallback,563_0.58_1.44.png,True,0.626011073589325,0.011423386633396149,1.4168555736541748,1.887453556060791,0.9803921580314636,0.5107309818267822,0.5535508990287781,0.5316601395606995,0.1674739271402359,0.0043666367419064045,0.015280492603778839,0.008176998235285282,0.44714510440826416,0.4848945438861847,0.4690406322479248,0.15903373062610626,0.0014301839983090758,0.0012073359685018659,0.0005664060008712113,0.2701858580112457,0.26832160353660583,0.2937427759170532,0.10451503098011017,0.9537244439125061,0.9604179263114929,0.010648563504219055,0.9545825719833374,0.9555463790893555,0.003447707276791334,0.952064573764801,0.9523059725761414,0.0015102645847946405,0.0,0.0012850620551034808,0.09346764534711838,0.017075397074222565,0.019856851547956467,0.9501650333404541,0.06685902178287506,0.2694362699985504,8.668690156810044e-07,8.668690156810044e-07,0.2935640513896942,0.0012850620551034808,0.09346764534711838,1.789527970252891e-09,0.024297552183270454
571_0.74_0.89.png,40.06180191040039,40.15217208862305,0.09037017822265625,0.9977922439575195,0.99772047996521,-7.176399230957031e-05,0.017815589904785156,0.02610015869140625,none,,False,0.5656505227088928,0.00999384094029665,,,0.9895424842834473,,,,,,,,,,,,,,,,,,,,,,,,,,,,,,,,,,,,,,,,,,,fallback,571_0.74_0.89.png,True,0.5656505227088928,0.00999384094029665,1.69009530544281,1.8111531734466553,0.9895424842834473,0.5140907764434814,0.5562005043029785,0.5354016423225403,0.1667434573173523,0.004435778129845858,0.014905249699950218,0.008126618340611458,0.457680344581604,0.4847923815250397,0.48007386922836304,0.15805424749851227,0.0014910119352862239,0.0013329042121767998,0.0006391736678779125,0.39705708622932434,0.28156158328056335,0.24053534865379333,0.07934702187776566,0.9541716575622559,0.9596973657608032,0.011158421635627747,0.9546140432357788,0.9554440975189209,0.003787554334849119,0.952056348323822,0.9522308111190796,0.0015064261388033628,0.0,0.0016115139005705714,0.07097650319337845,0.005610900465399027,0.021562699228525162,0.9502650499343872,0.0803241953253746,0.23139460384845734,5.670809173352609e-07,5.670809173352609e-07,0.24037188291549683,0.0016115139005705714,0.07097650319337845,1.7493367865384357e-09,0.02470436878502369
574_0.65_1.38.png,32.57936096191406,32.5164680480957,-0.06289291381835938,0.9974309206008911,0.9974362850189209,5.364418029785156e-06,0.017853260040283203,0.02602243423461914,none,,False,0.783676028251648,0.011919315904378891,,,0.9738562107086182,,,,,,,,,,,,,,,,,,,,,,,,,,,,,,,,,,,,,,,,,,,fallback,574_0.65_1.38.png,True,0.783676028251648,0.011919315904378891,1.5815815925598145,2.2790756225585938,0.9738562107086182,0.5227575302124023,0.5562023520469666,0.5438913702964783,0.16674186289310455,0.004693548195064068,0.016809923574328423,0.009268001653254032,0.461090087890625,0.4846826493740082,0.4836726188659668,0.15805277228355408,0.001472368254326284,0.001288802595809102,0.000617417914327234,0.22619162499904633,0.24483202397823334,0.29608604311943054,0.05994521081447601,0.9538873434066772,0.9626652002334595,0.01138925738632679,0.9545647501945496,0.9554618000984192,0.003991176374256611,0.9520655870437622,0.9522318840026855,0.0015517533756792545,0.0,0.0004097266646567732,0.05210227519273758,0.0021264792885631323,0.01316163968294859,0.9500434398651123,0.04017486423254013,0.14079372584819794,8.153792805387639e-07,8.153792805387639e-07,0.2959470748901367,0.0004097266646567732,0.05210227519273758,7.63188290342498e-10,0.024650106206536293
576_0.84_1.69.png,35.81621551513672,35.8680534362793,0.051837921142578125,0.9965440034866333,0.9965782165527344,3.421306610107422e-05,0.0180661678314209,0.026021242141723633,none,,False,0.8586713671684265,0.009126074612140656,,,0.9934641122817993,,,,,,,,,,,,,,,,,,,,,,,,,,,,,,,,,,,,,,,,,,,fallback,576_0.84_1.69.png,True,0.8586713671684265,0.009126074612140656,1.5604894161224365,2.255600929260254,0.9934641122817993,0.5231239199638367,0.5564228296279907,0.5442606806755066,0.16670909523963928,0.004707593936473131,0.01687653362751007,0.00929277017712593,0.4613606929779053,0.48468437790870667,0.48395678400993347,0.1580055058002472,0.0014737792080268264,0.0012921064626425505,0.00062158441869542,0.18744412064552307,0.24487526714801788,0.2864284813404083,0.05044350028038025,0.9538116455078125,0.9619142413139343,0.012618955224752426,0.9544733166694641,0.955466628074646,0.004397558979690075,0.9520663619041443,0.9522440433502197,0.0015883181476965547,0.0,0.00034984704689122736,0.04953988268971443,0.0023633968085050583,0.011895610019564629,0.9499666094779968,0.034583475440740585,0.13608606159687042,8.622346285847016e-07,8.622346285847016e-07,0.2863020598888397,0.00034984704689122736,0.04953988268971443,7.594899709140179e-10,0.023866483941674232
579_0.69_1.44.png,38.04804229736328,37.818538665771484,-0.22950363159179688,0.993943452835083,0.9939993619918823,5.5909156799316406e-05,0.018068790435791016,0.025814056396484375,none,,False,0.6173893213272095,0.012086499482393265,,,0.983006477355957,,,,,,,,,,,,,,,,,,,,,,,,,,,,,,,,,,,,,,,,,,,fallback,579_0.69_1.44.png,True,0.6173893213272095,0.012086499482393265,1.6468292474746704,1.44075608253479,0.983006477355957,0.5035399794578552,0.5450947880744934,0.5251152515411377,0.17017117142677307,0.0037263063713908195,0.010821222327649593,0.0056763519532978535,0.45569589734077454,0.48426303267478943,0.4779667556285858,0.16240842640399933,0.0014684651978313923,0.001278243842534721,0.0006177641334943473,0.27340391278266907,0.2248028963804245,0.2681327164173126,0.08722110837697983,0.9534590840339661,0.9586194753646851,0.010636589489877224,0.9545486569404602,0.9555022120475769,0.003589309984818101,0.9520518183708191,0.9523156881332397,0.0014935872750356793,0.0,0.0009417124674655497,0.08091183751821518,0.004599667154252529,0.017580732703208923,0.9500109553337097,0.057487115263938904,0.22933684289455414,8.396712587455113e-07,8.396712587455113e-07,0.2679741680622101,0.0009417124674655497,0.08091183751821518,1.6360468535481232e-09,0.02489292621612549
589_0.91_1.61.png,28.803199768066406,28.853187561035156,0.04998779296875,0.9899988174438477,0.9899407625198364,-5.805492401123047e-05,0.017925262451171875,0.025296926498413086,none,,False,0.75946444272995,0.008136430755257607,,,0.9986928701400757,,,,,,,,,,,,,,,,,,,,,,,,,,,,,,,,,,,,,,,,,,,fallback,589_0.91_1.61.png,True,0.75946444272995,0.008136430755257607,1.175959587097168,1.8854341506958008,0.9986928701400757,0.5243574976921082,0.5552800893783569,0.5452619194984436,0.1669706553220749,0.004557449370622635,0.016913535073399544,0.00928630493581295,0.455575168132782,0.4843957722187042,0.4779070019721985,0.15836012363433838,0.00140830734744668,0.0011487732408568263,0.0005424562841653824,0.2461041808128357,0.2735273540019989,0.269406795501709,0.05647682398557663,0.9540054798126221,0.9586181044578552,0.011471353471279144,0.9546615481376648,0.9557011723518372,0.004127124324440956,0.9520668387413025,0.9522282481193542,0.0015656888717785478,0.0,0.0008049253956414759,0.061901602894067764,0.0072982157580554485,0.014850196428596973,0.9500911235809326,0.04894602671265602,0.25720420479774475,7.773581387482409e-07,7.773581387482409e-07,0.26927897334098816,0.0008049253956414759,0.061901602894067764,1.4921918145560653e-09,0.024727243930101395
590_0.65_0.94.png,32.9669303894043,33.01191711425781,0.044986724853515625,0.9950281381607056,0.994942307472229,-8.58306884765625e-05,0.017920970916748047,0.02557826042175293,none,,False,0.6336769461631775,0.01381511427462101,,,0.9934639930725098,,,,,,,,,,,,,,,,,,,,,,,,,,,,,,,,,,,,,,,,,,,fallback,590_0.65_0.94.png,True,0.6336769461631775,0.01381511427462101,1.2427853345870972,1.9437576532363892,0.9934639930725098,0.5237305164337158,0.5553380250930786,0.5446375012397766,0.16695304214954376,0.0045371707528829575,0.01679607480764389,0.009334719739854336,0.45539331436157227,0.4843776524066925,0.4777151346206665,0.15833847224712372,0.0014088819734752178,0.0011498142266646028,0.0005480563268065453,0.4627453088760376,0.27102944254875183,0.21807055175304413,0.05779895931482315,0.954986572265625,0.9607180953025818,0.013472981750965118,0.9547733068466187,0.9557754397392273,0.004436394665390253,0.9520630240440369,0.9522114992141724,0.0014940212713554502,0.0,0.0012925959890708327,0.07046213746070862,0.005639792885631323,0.018881529569625854,0.9503294825553894,0.07598081976175308,0.2407277226448059,5.784265795227839e-07,5.784265795227839e-07,0.21787330508232117,0.0012925959890708327,0.07046213746070862,1.8207294560923515e-09,0.024919888004660606
596_0.55_0.89.png,39.097625732421875,39.146018981933594,0.04839324951171875,0.998603343963623,0.9986275434494019,2.4199485778808594e-05,0.018018722534179688,0.025300979614257812,none,,False,0.4529040455818176,0.013962751254439354,,,0.9777778387069702,,,,,,,,,,,,,,,,,,,,,,,,,,,,,,,,,,,,,,,,,,,fallback,596_0.55_0.89.png,True,0.4529040455818176,0.013962751254439354,2.070810556411743,1.165361762046814,0.9777778387069702,0.49593403935432434,0.5471492409706116,0.5177294015884399,0.1677231788635254,0.003592079970985651,0.008959034457802773,0.004710894078016281,0.45504507422447205,0.48363178968429565,0.47726088762283325,0.1581113636493683,0.0015162825584411621,0.0014112369390204549,0.0006720772944390774,0.4699268639087677,0.21367983520030975,0.2574585974216461,0.061109304428100586,0.9540374875068665,0.9600474834442139,0.009101440198719501,0.954574704170227,0.9557239413261414,0.003181532258167863,0.9520447850227356,0.9522801041603088,0.0013920238707214594,0.0,0.001998229417949915,0.08053749054670334,0.008552145212888718,0.026434244588017464,0.9503412246704102,0.09792011976242065,0.2497267723083496,4.6806547970845713e-07,4.6806547970845713e-07,0.25726622343063354,0.001998229417949915,0.08053749054670334,2.136768539884315e-09,0.02495594508945942
606_0.54_1.08.png,38.45526123046875,38.4145393371582,-0.040721893310546875,0.9980542659759521,0.9979948401451111,-5.942583084106445e-05,0.0180203914642334,0.02512216567993164,none,,False,0.5684488415718079,0.012111390009522438,,,0.9437909126281738,,,,,,,,,,,,,,,,,,,,,,,,,,,,,,,,,,,,,,,,,,,fallback,606_0.54_1.08.png,True,0.5684488415718079,0.012111390009522438,1.2304413318634033,1.9347074031829834,0.9437909126281738,0.5135071277618408,0.5562042593955994,0.5341091156005859,0.16675296425819397,0.004741390701383352,0.017308462411165237,0.009519006125628948,0.4482402503490448,0.48464056849479675,0.47020483016967773,0.1580629199743271,0.0014529089676216245,0.0012709801085293293,0.0005876180366612971,0.31091946363449097,0.3240687847137451,0.30501818656921387,0.0959654301404953,0.95418781042099,0.9591475129127502,0.015166573226451874,0.9546419382095337,0.9558357000350952,0.004330765455961227,0.9520652294158936,0.952246367931366,0.0015098626026883721,0.0,0.0014477510703727603,0.07501183450222015,0.005974944680929184,0.020674169063568115,0.9502425193786621,0.07490403205156326,0.2224867343902588,9.324317602477095e-07,9.324317602477095e-07,0.3048517107963562,0.0014477510703727603,0.07501183450222015,2.239284091487548e-09,0.02486409991979599
619_0.59_1.76.png,31.06214714050293,31.077442169189453,0.015295028686523438,0.9792970418930054,0.9789853096008301,-0.00031173229217529297,0.019747257232666016,0.026032686233520508,none,,False,0.5364625453948975,0.00709838792681694,,,0.9790849685668945,,,,,,,,,,,,,,,,,,,,,,,,,,,,,,,,,,,,,,,,,,,fallback,619_0.59_1.76.png,True,0.5364625453948975,0.00709838792681694,0.7634173631668091,1.2688864469528198,0.9790849685668945,0.5237311124801636,0.549102783203125,0.544638991355896,0.17058005928993225,0.003950879443436861,0.014690551906824112,0.007953503169119358,0.45527708530426025,0.48438242077827454,0.4775996506214142,0.16055607795715332,0.0013182369293645024,0.0009139258181676269,0.0004293033853173256,0.311301052570343,0.26478126645088196,0.27601203322410583,0.07677103579044342,0.9534068703651428,0.9573782086372375,0.008721866644918919,0.9545726180076599,0.9558286070823669,0.003003977471962571,0.9520716071128845,0.9523888826370239,0.00153086066711694,0.0,0.0009497309802100062,0.09019603580236435,0.0057900333777070045,0.018556946888566017,0.950110137462616,0.06115410104393959,0.22488883137702942,8.138339353536139e-07,8.138339353536139e-07,0.2758597731590271,0.0009497309802100062,0.09019603580236435,1.7676949903844275e-09,0.024993589147925377
630_0.77_1.56.png,35.69123077392578,35.4066162109375,-0.28461456298828125,0.9940977096557617,0.9939364790916443,-0.00016123056411743164,0.017922401428222656,0.02579498291015625,none,,False,0.6863712072372437,0.013560023158788681,,,0.9934641122817993,,,,,,,,,,,,,,,,,,,,,,,,,,,,,,,,,,,,,,,,,,,fallback,630_0.77_1.56.png,True,0.6863712072372437,0.013560023158788681,1.6749271154403687,2.0325002670288086,0.9934641122817993,0.5120665431022644,0.5459476709365845,0.5335569381713867,0.16960786283016205,0.0040696910582482815,0.013457207940518856,0.007170737721025944,0.46036896109580994,0.4845792353153229,0.48288628458976746,0.16207940876483917,0.0014484247658401728,0.001198838115669787,0.0005773315788246691,0.28389546275138855,0.22826038300991058,0.24564909934997559,0.05609528720378876,0.9535520672798157,0.9590986967086792,0.009679804556071758,0.9544840455055237,0.9555292129516602,0.003852625610306859,0.9520599842071533,0.9522200226783752,0.0015684821410104632,0.0,0.0007938365451991558,0.07415439188480377,0.0044205342419445515,0.015721332281827927,0.9500582814216614,0.05069494619965553,0.22676792740821838,6.495819775409473e-07,6.495819775409473e-07,0.24547971785068512,0.0007938365451991558,0.07415439188480377,1.2598084797588172e-09,0.024905655533075333
633_0.67_1.53.png,35.84728240966797,36.51095962524414,0.6636772155761719,0.9969193935394287,0.9969983100891113,7.891654968261719e-05,0.01761603355407715,0.026034116744995117,none,,False,0.5216276049613953,0.013965612277388573,,,0.9816993474960327,,,,,,,,,,,,,,,,,,,,,,,,,,,,,,,,,,,,,,,,,,,fallback,633_0.67_1.53.png,True,0.5216276049613953,0.013965612277388573,2.6034631729125977,2.3008596897125244,0.9816993474960327,0.5133206248283386,0.5553431510925293,0.5345867872238159,0.16984155774116516,0.003903367090970278,0.012668412178754807,0.006803168915212154,0.45630794763565063,0.4840749502182007,0.478643536567688,0.16192474961280823,0.0014118874678388238,0.0011596257099881768,0.000551793200429529,0.3010514974594116,0.24701471626758575,0.31636959314346313,0.06888439506292343,0.9534962773323059,0.9607889652252197,0.010284820571541786,0.9544609189033508,0.9557250142097473,0.0031425480265170336,0.9520596265792847,0.9522393941879272,0.0014571539359167218,0.0,0.0010339346481487155,0.08132010698318481,0.004686344414949417,0.01978982798755169,0.9501431584358215,0.06616459786891937,0.23313190042972565,7.38246171749779e-07,7.38246171749779e-07,0.3162151277065277,0.0010339346481487155,0.08132010698318481,1.4106977808125976e-09,0.02499297820031643
634_0.53_0.77.png,43.91609573364258,43.270164489746094,-0.6459312438964844,0.9991505146026611,0.9991412162780762,-9.298324584960938e-06,0.01794719696044922,0.026015043258666992,none,,False,0.41888877749443054,0.019366607069969177,,,0.983006477355957,,,,,,,,,,,,,,,,,,,,,,,,,,,,,,,,,,,,,,,,,,,fallback,634_0.53_0.77.png,True,0.41888877749443054,0.019366607069969177,2.6292667388916016,2.286431074142456,0.983006477355957,0.5125039219856262,0.555007815361023,0.5337746143341064,0.17036019265651703,0.0038696760311722755,0.012486663646996021,0.006740742363035679,0.4558402895927429,0.4838598966598511,0.47815176844596863,0.16240544617176056,0.0014101088745519519,0.0011551771312952042,0.0005509352777153254,0.40599262714385986,0.2386011928319931,0.2804470956325531,0.06016004458069801,0.9539170265197754,0.9612877368927002,0.01089541707187891,0.9545540809631348,0.9557284116744995,0.0033593156840652227,0.9520583152770996,0.9522479176521301,0.001418104162439704,0.0,0.0016029606340453029,0.08163417130708694,0.00558778690174222,0.024338819086551666,0.950334906578064,0.08872158825397491,0.2399943768978119,7.132749146876449e-07,7.132749146876449e-07,0.28023722767829895,0.0016029606340453029,0.08163417130708694,1.966782736673167e-09,0.02499443292617798
636_0.58_0.56.png,44.30269241333008,43.94568634033203,-0.3570060729980469,0.999212384223938,0.9991984367370605,-1.3947486877441406e-05,0.017894506454467773,0.025774002075195312,none,,False,0.42330724000930786,0.021217022091150284,,,0.9895424842834473,,,,,,,,,,,,,,,,,,,,,,,,,,,,,,,,,,,,,,,,,,,fallback,636_0.58_0.56.png,True,0.42330724000930786,0.021217022091150284,2.6528522968292236,2.3012735843658447,0.9895424842834473,0.5123439431190491,0.5550142526626587,0.5336191654205322,0.17047658562660217,0.003870435757562518,0.012473941780626774,0.00675633130595088,0.455840528011322,0.4839428961277008,0.4781514108181,0.162442147731781,0.0014113893266767263,0.0011579447891563177,0.00055318558588624,0.4455856680870056,0.22645170986652374,0.2677779495716095,0.0572391115128994,0.9540374875068665,0.9611532092094421,0.011361544951796532,0.9545977115631104,0.9557348489761353,0.0034750679042190313,0.952057421207428,0.9522327780723572,0.001419338397681713,0.0,0.0016679904656484723,0.08186663687229156,0.0057900333777070045,0.02427970990538597,0.9503476023674011,0.09067956358194351,0.24047833681106567,6.906914222781779e-07,6.906914222781779e-07,0.2675483822822571,0.0016679904656484723,0.08186663687229156,1.985984265928664e-09,0.024993721395730972
639_0.85_0.74.png,38.315101623535156,38.9388313293457,0.6237297058105469,0.9983496069908142,0.998492419719696,0.00014281272888183594,0.017858505249023438,0.025194644927978516,none,,False,0.7707458138465881,0.012220906093716621,,,0.9843137264251709,,,,,,,,,,,,,,,,,,,,,,,,,,,,,,,,,,,,,,,,,,,fallback,639_0.85_0.74.png,True,0.7707458138465881,0.012220906093716621,1.1175049543380737,1.8341437578201294,0.9843137264251709,0.5266043543815613,0.5550684332847595,0.5476580858230591,0.16700303554534912,0.00459339888766408,0.01679835468530655,0.009392929263412952,0.4610790014266968,0.48437872529029846,0.4836747348308563,0.15840810537338257,0.00142920040525496,0.0011933051282539964,0.0005729718832299113,0.23440629243850708,0.2465173751115799,0.3297117352485657,0.08447608351707458,0.9545689225196838,0.9595934748649597,0.018033277243375778,0.9546183943748474,0.9558750987052917,0.003933845087885857,0.9520629644393921,0.9522168636322021,0.0014958956744521856,0.0,0.0005160770961083472,0.06610708683729172,0.0035537630319595337,0.01419842429459095,0.95003342628479,0.04575588181614876,0.21308459341526031,7.252934324242233e-07,7.252934324242233e-07,0.3295881450176239,0.0005160770961083472,0.06610708683729172,8.700826170660036e-10,0.024811964482069016
643_0.58_1.55.png,33.5401496887207,33.55830383300781,0.018154144287109375,0.9908169507980347,0.9907171130180359,-9.98377799987793e-05,0.018716812133789062,0.02554035186767578,none,,False,0.621540367603302,0.005899987183511257,,,0.9267973899841309,,,,,,,,,,,,,,,,,,,,,,,,,,,,,,,,,,,,,,,,,,,fallback,643_0.58_1.55.png,True,0.621540367603302,0.005899987183511257,1.0974899530410767,1.5037997961044312,0.9267973899841309,0.5187891721725464,0.5545098781585693,0.5396567583084106,0.16719642281532288,0.004293474834412336,0.015523013658821583,0.008461118675768375,0.4494627118110657,0.4839482307434082,0.47149163484573364,0.15866759419441223,0.0013863316271454096,0.0011102628195658326,0.000518261396791786,0.24220168590545654,0.2569275498390198,0.2998141050338745,0.0714089497923851,0.9536746740341187,0.9601234197616577,0.009029954671859741,0.9546191096305847,0.955650269985199,0.0038138001691550016,0.9520682096481323,0.9522731900215149,0.0015063649043440819,0.0,0.001012139138765633,0.059256527572870255,0.009135771542787552,0.01782235875725746,0.9501391053199768,0.05788448825478554,0.26188039779663086,8.061846301643527e-07,8.061846301643527e-07,0.2996803820133209,0.001012139138765633,0.059256527572870255,1.6785938194985306e-09,0.024836614727973938
648_0.78_1.91.png,36.1591796875,36.307945251464844,0.14876556396484375,0.9965682029724121,0.9965598583221436,-8.344650268554688e-06,0.017991065979003906,0.025638580322265625,none,,False,0.6469275951385498,0.02016369439661503,,,0.9908496737480164,,,,,,,,,,,,,,,,,,,,,,,,,,,,,,,,,,,,,,,,,,,fallback,648_0.78_1.91.png,True,0.6469275951385498,0.02016369439661503,1.4125922918319702,1.589571475982666,0.9908496737480164,0.5055837035179138,0.552462100982666,0.5264215469360352,0.16769690811634064,0.004079531878232956,0.013908074237406254,0.007436645217239857,0.4437740743160248,0.4847013056278229,0.46550408005714417,0.1593283861875534,0.0014027508441358805,0.0011559556005522609,0.0005382713861763477,0.3453444540500641,0.292670339345932,0.2684738039970398,0.09017790108919144,0.9538793563842773,0.9607782959938049,0.010984169319272041,0.9546304941177368,0.95589679479599,0.0037483531050384045,0.9520590901374817,0.9522393941879272,0.0014651016099378467,0.0,0.000982219004072249,0.06197969242930412,0.003964034840464592,0.017786722630262375,0.9501647353172302,0.06398797035217285,0.20184576511383057,6.867434194646194e-07,6.867434194646194e-07,0.2682380676269531,0.000982219004072249,0.06197969242930412,1.2819209027625789e-09,0.024671414867043495
650_0.88_1.7.png,37.08551788330078,37.38885498046875,0.30333709716796875,0.9964136481285095,0.9964429140090942,2.9265880584716797e-05,0.01910877227783203,0.025842905044555664,none,,False,0.7466566562652588,0.014856215566396713,,,0.9908496737480164,,,,,,,,,,,,,,,,,,,,,,,,,,,,,,,,,,,,,,,,,,,fallback,650_0.88_1.7.png,True,0.7466566562652588,0.014856215566396713,1.4846017360687256,1.535194754600525,0.9908496737480164,0.5020327568054199,0.5530775189399719,0.5226631760597229,0.16755056381225586,0.0038691647350788116,0.013064198195934296,0.006905859801918268,0.4375949800014496,0.48470112681388855,0.459030419588089,0.15949943661689758,0.0013602825347334146,0.0010788229992613196,0.0004930607974529266,0.20311816036701202,0.1932395100593567,0.31278955936431885,0.054971929639577866,0.9534385800361633,0.9593144059181213,0.010679836384952068,0.9544894695281982,0.9557784199714661,0.0032193956431001425,0.9520648717880249,0.9523537755012512,0.0014678500592708588,0.0,0.00046542720519937575,0.05963372811675072,0.00251363730058074,0.01473060343414545,0.9500043988227844,0.043754737824201584,0.19173260033130646,9.129394129558932e-07,9.129394129558932e-07,0.3126291036605835,0.00046542720519937575,0.05963372811675072,7.637202537047472e-10,0.024943070486187935
654_0.84_1.79.png,35.94783401489258,35.85881423950195,-0.089019775390625,0.9894160032272339,0.9893324375152588,-8.356571197509766e-05,0.017966747283935547,0.025901317596435547,none,,False,0.7132498025894165,0.011708863079547882,,,0.9764706492424011,,,,,,,,,,,,,,,,,,,,,,,,,,,,,,,,,,,,,,,,,,,fallback,654_0.84_1.79.png,True,0.7132498025894165,0.011708863079547882,1.123159408569336,1.4731007814407349,0.9764706492424011,0.5036389231681824,0.5524941086769104,0.5238779187202454,0.16920076310634613,0.004015381447970867,0.014567944221198559,0.007620923221111298,0.4329930543899536,0.4847117066383362,0.4542260766029358,0.15848803520202637,0.0013174564810469747,0.000991938402876258,0.00045297396718524396,0.16207386553287506,0.1681620478630066,0.30518436431884766,0.07235153019428253,0.9531970620155334,0.9580705761909485,0.014596670866012573,0.9545064568519592,0.955418050289154,0.003968806006014347,0.9520698189735413,0.9523134231567383,0.001556570758111775,0.0,0.0004532105231191963,0.06988777965307236,0.0016468657413497567,0.013555523008108139,0.9498376250267029,0.040578849613666534,0.21952581405639648,1.8030783621725277e-06,1.8030783621725277e-06,0.3050491511821747,0.0004532105231191963,0.06988777965307236,8.481066959831196e-10,0.024852221831679344
655_0.53_1.69.png,35.63666915893555,35.844425201416016,0.20775604248046875,0.9939546585083008,0.9939576983451843,3.039836883544922e-06,0.01786184310913086,0.026480674743652344,none,,False,0.5662807822227478,0.01429031789302826,,,0.9267973899841309,,,,,,,,,,,,,,,,,,,,,,,,,,,,,,,,,,,,,,,,,,,fallback,655_0.53_1.69.png,True,0.5662807822227478,0.01429031789302826,1.137949824333191,1.4889917373657227,0.9267973899841309,0.5018882155418396,0.5521706938743591,0.522082507610321,0.16947637498378754,0.003999751061201096,0.01447597611695528,0.007515201345086098,0.431617796421051,0.48464787006378174,0.4527828097343445,0.158851757645607,0.0013162801042199135,0.0009909372311085463,0.0004502666706684977,0.1758211851119995,0.17349983751773834,0.3351355493068695,0.08036869019269943,0.9533225893974304,0.9576396346092224,0.015001102350652218,0.9545449018478394,0.95546954870224,0.0040822988376021385,0.9520695209503174,0.95229572057724,0.00146480742841959,0.0,0.0007208811584860086,0.07106778025627136,0.0029239091090857983,0.017848089337348938,0.9500011205673218,0.05678894370794296,0.21941813826560974,1.2217548146509216e-06,1.2217548146509216e-06,0.3350101113319397,0.0007208811584860086,0.07106778025627136,1.13355957953587e-09,0.024836568161845207
656_0.77_1.82.png,35.89976501464844,35.94118881225586,0.041423797607421875,0.9898779392242432,0.9898123741149902,-6.556510925292969e-05,0.01775193214416504,0.02737140655517578,none,,False,0.6896268129348755,0.011882197111845016,,,0.9660131335258484,,,,,,,,,,,,,,,,,,,,,,,,,,,,,,,,,,,,,,,,,,,fallback,656_0.77_1.82.png,True,0.6896268129348755,0.011882197111845016,1.122159719467163,1.472684621810913,0.9660131335258484,0.5034402012825012,0.5525567531585693,0.5236713290214539,0.16930772364139557,0.004019256681203842,0.014583272859454155,0.0076141562312841415,0.43279793858528137,0.4845736622810364,0.45402148365974426,0.15855292975902557,0.001317902933806181,0.000993350287899375,0.0004530576115939766,0.15999238193035126,0.1681590974330902,0.317808598279953,0.0758272260427475,0.9532001614570618,0.9580685496330261,0.014754791744053364,0.9544975757598877,0.9554401636123657,0.003974210470914841,0.9520694613456726,0.9523161053657532,0.0015414007939398289,0.0,0.0004757526330649853,0.06965415924787521,0.0017335428856313229,0.014033420942723751,0.9498522877693176,0.04236963763833046,0.2182288020849228,1.6664887425577035e-06,1.6664887425577035e-06,0.3176787793636322,0.0004757526330649853,0.06965415924787521,8.67668381587805e-10,0.024855755269527435
659_0.86_0.85.png,36.470787048339844,35.991031646728516,-0.4797554016113281,0.9950113296508789,0.9949597120285034,-5.161762237548828e-05,0.017910242080688477,0.025884628295898438,none,,False,0.6088711023330688,0.0065897018648684025,,,0.9620915651321411,,,,,,,,,,,,,,,,,,,,,,,,,,,,,,,,,,,,,,,,,,,fallback,659_0.86_0.85.png,True,0.6088711023330688,0.0065897018648684025,1.461700201034546,2.184781789779663,0.9620915651321411,0.5203294157981873,0.5546955466270447,0.5413575768470764,0.16710993647575378,0.004573251120746136,0.01637791283428669,0.00903742853552103,0.45645764470100403,0.4846351146697998,0.478817880153656,0.1585526019334793,0.0014447103021666408,0.0012361162807792425,0.0005859505035914481,0.34841188788414,0.30834731459617615,0.245559960603714,0.057322654873132706,0.9541122317314148,0.9592378735542297,0.011236355639994144,0.9546406269073486,0.9557697772979736,0.003966185729950666,0.9520612955093384,0.9522135257720947,0.0015235437313094735,0.0,0.0018186034867540002,0.1144208312034607,0.027996718883514404,0.021319201216101646,0.9502531886100769,0.07801920175552368,0.29502537846565247,6.544459552060289e-07,6.544459552060289e-07,0.24541541934013367,0.0018186034867540002,0.1144208312034607,2.8989226574793747e-09,0.024946272373199463
664_0.71_1.28.png,33.371124267578125,34.441383361816406,1.0702590942382812,0.9968017339706421,0.9971539378166199,0.0003522038459777832,0.01788187026977539,0.02539658546447754,none,,False,0.5753700137138367,0.01488901674747467,,,0.9895424842834473,,,,,,,,,,,,,,,,,,,,,,,,,,,,,,,,,,,,,,,,,,,fallback,664_0.71_1.28.png,True,0.5753700137138367,0.01488901674747467,1.5959234237670898,2.1471354961395264,0.9895424842834473,0.5118017196655273,0.5527723431587219,0.532782256603241,0.16758428514003754,0.004432342480868101,0.015664855018258095,0.008329260163009167,0.4493717551231384,0.48500874638557434,0.47137343883514404,0.15917758643627167,0.0014403029344975948,0.0012136976001784205,0.000571699405554682,0.22301429510116577,0.25215551257133484,0.34466883540153503,0.08511856943368912,0.9535839557647705,0.9609143137931824,0.014579065144062042,0.9545268416404724,0.9557053446769714,0.004388037137687206,0.9520605802536011,0.9523479342460632,0.001492163515649736,0.0,0.0006945697823539376,0.04665999114513397,0.0030799279920756817,0.017537802457809448,0.9500827193260193,0.057564765214920044,0.16162341833114624,1.039218773257744e-06,1.039218773257744e-06,0.34453514218330383,0.0006945697823539376,0.04665999114513397,1.0146309348257887e-09,0.024758240208029747
665_0.7_1.28.png,43.089908599853516,43.9055061340332,0.8155975341796875,0.9960588216781616,0.9960622787475586,3.4570693969726562e-06,0.01790332794189453,0.025924205780029297,none,,False,0.5217980742454529,0.017277467995882034,,,0.9281045794487,,,,,,,,,,,,,,,,,,,,,,,,,,,,,,,,,,,,,,,,,,,fallback,665_0.7_1.28.png,True,0.5217980742454529,0.017277467995882034,1.7738655805587769,2.085690975189209,0.9281045794487,0.5120077133178711,0.5559573769569397,0.5328720211982727,0.16681396961212158,0.004292079247534275,0.014933065511286259,0.008041002787649632,0.44579192996025085,0.48486217856407166,0.46762925386428833,0.1581493765115738,0.0014105791924521327,0.001180122373625636,0.0005548864719457924,0.290792852640152,0.25754934549331665,0.29765939712524414,0.10424380749464035,0.9535548090934753,0.9587945938110352,0.013409956358373165,0.954597532749176,0.9563541412353516,0.003568819258362055,0.9520677924156189,0.9522809982299805,0.0014954583020880818,0.0,0.001463460037484765,0.1144818589091301,0.011083117686212063,0.022603552788496017,0.9502262473106384,0.07514679431915283,0.2736551761627197,1.2316792208366678e-06,1.2316792208366678e-06,0.2974938154220581,0.001463460037484765,0.1144818589091301,1.900938961796328e-09,0.021719900891184807
666_0.9_1.01.png,41.00792694091797,41.33671569824219,0.32878875732421875,0.9970563650131226,0.9970121383666992,-4.4226646423339844e-05,0.018054962158203125,0.025996685028076172,none,,False,0.5912104249000549,0.01935289055109024,,,0.9777778387069702,,,,,,,,,,,,,,,,,,,,,,,,,,,,,,,,,,,,,,,,,,,fallback,666_0.9_1.01.png,True,0.5912104249000549,0.01935289055109024,1.7768956422805786,2.111530303955078,0.9777778387069702,0.5126476287841797,0.5561274886131287,0.533500611782074,0.16678351163864136,0.004298456944525242,0.014985117129981518,0.00814343523234129,0.445924311876297,0.48494279384613037,0.4677698314189911,0.1581067144870758,0.0014080236433073878,0.001175935147330165,0.0005587714840658009,0.3346482217311859,0.2634108066558838,0.26560041308403015,0.10473041236400604,0.953620970249176,0.9597157835960388,0.014598686248064041,0.9546403884887695,0.9564658403396606,0.0038334575947374105,0.9520644545555115,0.9522330164909363,0.0015147540252655745,0.0,0.0014379312051460147,0.11761844903230667,0.013903014361858368,0.02065204083919525,0.9501538276672363,0.06999728828668594,0.27814456820487976,1.0482406196388183e-06,1.0482406196388183e-06,0.2653968632221222,0.0014379312051460147,0.11761844903230667,1.7811411234802677e-09,0.021436557173728943
667_0.95_0.69.png,42.13249588012695,42.643531799316406,0.5110359191894531,0.9980757236480713,0.9980645179748535,-1.1205673217773438e-05,0.017809152603149414,0.025812625885009766,none,,False,0.5720449090003967,0.022006221115589142,,,0.9908496737480164,,,,,,,,,,,,,,,,,,,,,,,,,,,,,,,,,,,,,,,,,,,fallback,667_0.95_0.69.png,True,0.5720449090003967,0.022006221115589142,1.7830151319503784,2.1361987590789795,0.9908496737480164,0.5130986571311951,0.5560340881347656,0.5339363217353821,0.16678524017333984,0.004287790972739458,0.014979235827922821,0.008206171914935112,0.44589295983314514,0.484834760427475,0.4677387773990631,0.1581108719110489,0.0014031270984560251,0.0011656238930299878,0.0005562514998018742,0.39785000681877136,0.27026063203811646,0.24503172934055328,0.10355330258607864,0.9538674354553223,0.9612141251564026,0.01528164092451334,0.9547048211097717,0.9564973711967468,0.004001760855317116,0.9520633816719055,0.9522299766540527,0.0014973563374951482,0.0,0.0017193189123645425,0.11914724856615067,0.017503004521131516,0.021957188844680786,0.95020592212677,0.07793818414211273,0.28219035267829895,8.867554015523638e-07,8.867554015523638e-07,0.24479135870933533,0.0017193189123645425,0.11914724856615067,1.9680459484305857e-09,0.021245162934064865
676_0.53_1.48.png,32.33993148803711,32.27020263671875,-0.06972885131835938,0.9955546855926514,0.9954552054405212,-9.948015213012695e-05,0.018099308013916016,0.025497913360595703,none,,False,0.5824289321899414,0.019672468304634094,,,0.9934641122817993,,,,,,,,,,,,,,,,,,,,,,,,,,,,,,,,,,,,,,,,,,,fallback,676_0.53_1.48.png,True,0.5824289321899414,0.019672468304634094,1.2138996124267578,1.3003489971160889,0.9934641122817993,0.5081019997596741,0.5512617230415344,0.5293952822685242,0.16870644688606262,0.004108940251171589,0.013326592743396759,0.007193258497864008,0.4526861906051636,0.484934002161026,0.4748288691043854,0.1594781130552292,0.0014604025054723024,0.0012628231197595596,0.000602983171120286,0.3753854036331177,0.2873672544956207,0.2732982039451599,0.07936830073595047,0.9539377093315125,0.9592710137367249,0.009052537381649017,0.9545970559120178,0.9555131793022156,0.0032402260694652796,0.9520581364631653,0.9522852897644043,0.0014467303408309817,0.0,0.0013244106667116284,0.09727972000837326,0.005420210771262646,0.020867671817541122,0.9502757787704468,0.07574887573719025,0.21385762095451355,6.839345587650314e-07,6.839345587650314e-07,0.2731236219406128,0.0013244106667116284,0.09727972000837326,2.1634909419532278e-09,0.024844717234373093
686_0.62_0.82.png,44.13405990600586,43.64101028442383,-0.49304962158203125,0.999267041683197,0.999266505241394,-5.364418029785156e-07,0.017818450927734375,0.025831222534179688,none,,False,0.5999121069908142,0.020436767488718033,,,0.9738562107086182,,,,,,,,,,,,,,,,,,,,,,,,,,,,,,,,,,,,,,,,,,,fallback,686_0.62_0.82.png,True,0.5999121069908142,0.020436767488718033,2.527890920639038,2.1858150959014893,0.9738562107086182,0.5040779709815979,0.554685115814209,0.5255705118179321,0.16720837354660034,0.004302441142499447,0.013731296174228191,0.00735446996986866,0.4542900025844574,0.4847753345966339,0.47649046778678894,0.1586807519197464,0.0015236592153087258,0.0013890297850593925,0.000661135243717581,0.4322301745414734,0.25874871015548706,0.24274057149887085,0.07358857989311218,0.9542978405952454,0.9602051973342896,0.013841410167515278,0.9545854926109314,0.9555516242980957,0.003836654359474778,0.9520519375801086,0.952274739742279,0.0014849802246317267,0.0,0.001181459636427462,0.049600839614868164,0.0038195729721337557,0.020503070205450058,0.9503095746040344,0.07561900466680527,0.2033434361219406,6.123335651864181e-07,6.123335651864181e-07,0.24247759580612183,0.001181459636427462,0.049600839614868164,1.30652288987676e-09,0.024792537093162537
687_0.89_1.42.png,34.44416427612305,34.718666076660156,0.2745018005371094,0.9957553148269653,0.9958573579788208,0.00010204315185546875,0.017871856689453125,0.026108980178833008,none,,False,0.6968807578086853,0.016200926154851913,,,0.9973856806755066,,,,,,,,,,,,,,,,,,,,,,,,,,,,,,,,,,,,,,,,,,,fallback,687_0.89_1.42.png,True,0.6968807578086853,0.016200926154851913,2.4182069301605225,2.103854179382324,0.9973856806755066,0.504355788230896,0.5546298623085022,0.5258416533470154,0.16716013848781586,0.00431389594450593,0.013803484849631786,0.007382282987236977,0.45435646176338196,0.4847884178161621,0.47656092047691345,0.15861985087394714,0.0015233805170282722,0.001388389733619988,0.0006618674378842115,0.3534041941165924,0.2775472402572632,0.2431887835264206,0.06598950177431107,0.9540596008300781,0.9601781368255615,0.01287179347127676,0.9545180797576904,0.9555774331092834,0.003993276506662369,0.9520528316497803,0.9522836804389954,0.0015309583395719528,0.0,0.0009857394034042954,0.06053668260574341,0.003507535206153989,0.017780493944883347,0.95017409324646,0.06188533827662468,0.19474107027053833,6.486359893642657e-07,6.486359893642657e-07,0.2429642528295517,0.0009857394034042954,0.06053668260574341,1.4210885801446693e-09,0.02482004277408123
692_0.69_1.32.png,37.34471130371094,37.015228271484375,-0.3294830322265625,0.9977269172668457,0.9976257085800171,-0.00010120868682861328,0.017940759658813477,0.026206016540527344,none,,False,0.5795423984527588,0.017392665147781372,,,0.9803921580314636,,,,,,,,,,,,,,,,,,,,,,,,,,,,,,,,,,,,,,,,,,,fallback,692_0.69_1.32.png,True,0.5795423984527588,0.017392665147781372,1.0521411895751953,1.5325711965560913,0.9803921580314636,0.512572705745697,0.5451123118400574,0.533656895160675,0.17007312178611755,0.0038787038065493107,0.013501101173460484,0.007321338169276714,0.4515465199947357,0.4843532145023346,0.4736577868461609,0.15851131081581116,0.0013690624618902802,0.0010328873759135604,0.0004834804858546704,0.3715982139110565,0.30562636256217957,0.2865186631679535,0.0933595523238182,0.954474925994873,0.9615529179573059,0.01541758980602026,0.9546471238136292,0.9558900594711304,0.003767656860873103,0.9520617723464966,0.9523366689682007,0.0014184578321874142,0.0,0.0009301386307924986,0.03760465234518051,0.003964034840464592,0.020255189388990402,0.950312077999115,0.07302041351795197,0.13083544373512268,7.785068305565801e-07,7.785068305565801e-07,0.28631076216697693,0.0009301386307924986,0.03760465234518051,1.20522070101714e-09,0.024765782058238983
702_0.72_0.91.png,36.611602783203125,36.5118293762207,-0.09977340698242188,0.9978045225143433,0.9978117942810059,7.271766662597656e-06,0.017966747283935547,0.024863004684448242,none,,False,0.5518411993980408,0.015454662963747978,,,0.9751634001731873,,,,,,,,,,,,,,,,,,,,,,,,,,,,,,,,,,,,,,,,,,,fallback,702_0.72_0.91.png,True,0.5518411993980408,0.015454662963747978,1.885301113128662,2.4665935039520264,0.9751634001731873,0.5163004398345947,0.5528577566146851,0.5374131798744202,0.16959033906459808,0.004372989758849144,0.015417210757732391,0.00831890944391489,0.4565884470939636,0.484564870595932,0.47894468903541565,0.15915429592132568,0.0014364896342158318,0.00119510549120605,0.0005704071372747421,0.396805077791214,0.26394304633140564,0.2535664141178131,0.07286122441291809,0.9540593028068542,0.9587589502334595,0.01184454932808876,0.9546868205070496,0.9557002186775208,0.004064173903316259,0.952058732509613,0.9522083401679993,0.001498947269283235,0.0,0.0014116076054051518,0.10093000531196594,0.011083117686212063,0.020456114783883095,0.9502404928207397,0.07550118118524551,0.25916630029678345,5.393255833041621e-07,5.393255833041621e-07,0.2533726692199707,0.0014116076054051518,0.10093000531196594,1.9779864413038695e-09,0.024930229410529137
712_0.63_1.2.png,37.89887619018555,38.04561233520508,0.14673614501953125,0.997546374797821,0.9975783824920654,3.2007694244384766e-05,0.01798725128173828,0.029623746871948242,none,,False,0.6460630297660828,0.014541860669851303,,,0.97124183177948,,,,,,,,,,,,,,,,,,,,,,,,,,,,,,,,,,,,,,,,,,,fallback,712_0.63_1.2.png,True,0.6460630297660828,0.014541860669851303,0.5287769436836243,0.778551459312439,0.97124183177948,0.5269840359687805,0.5539210438728333,0.5473962426185608,0.16736899316310883,0.004358949605375528,0.017271261662244797,0.009517479687929153,0.44785410165786743,0.4809756875038147,0.4698422849178314,0.1588948518037796,0.0012982988264411688,0.0009164212387986481,0.0004250080091878772,0.2991913855075836,0.24285228550434113,0.2866194248199463,0.07485153526067734,0.9541923403739929,0.9594465494155884,0.009976324625313282,0.9547491073608398,0.955878734588623,0.0036453022621572018,0.9520747065544128,0.9522597789764404,0.0014726427616551518,0.0,0.0005809909198433161,0.04493023455142975,0.0030221431516110897,0.015895605087280273,0.9501597881317139,0.05396643653512001,0.15993672609329224,7.654891760466853e-07,7.654891760466853e-07,0.28643614053726196,0.0005809909198433161,0.04493023455142975,7.148593939021453e-10,0.0249574426561594
713_0.75_0.59.png,42.464786529541016,42.716522216796875,0.2517356872558594,0.9972876310348511,0.9972528219223022,-3.4809112548828125e-05,0.018013477325439453,0.02705097198486328,none,,False,0.4706030786037445,0.017807697877287865,,,0.9816993474960327,,,,,,,,,,,,,,,,,,,,,,,,,,,,,,,,,,,,,,,,,,,fallback,713_0.75_0.59.png,True,0.4706030786037445,0.017807697877287865,1.7429691553115845,1.728035569190979,0.9816993474960327,0.506977379322052,0.5510803461074829,0.5283815264701843,0.1680596023797989,0.004188076592981815,0.013365116901695728,0.007133900187909603,0.4549272656440735,0.4846806526184082,0.47717195749282837,0.1597936749458313,0.0014872392639517784,0.0013191713951528072,0.0006277624052017927,0.43426600098609924,0.2555485665798187,0.24803979694843292,0.08775277435779572,0.9540424346923828,0.9579409956932068,0.011854610405862331,0.9546179175376892,0.9557281732559204,0.003583124140277505,0.9520542621612549,0.9522301554679871,0.0014619574649259448,0.0,0.0024847572203725576,0.09050806611776352,0.012649084441363811,0.02655523084104061,0.950333833694458,0.09938393533229828,0.2475653737783432,5.951977755103144e-07,5.951977755103144e-07,0.24785272777080536,0.0024847572203725576,0.09050806611776352,2.546661992397503e-09,0.024582652375102043
715_0.73_0.85.png,39.113563537597656,39.32006072998047,0.2064971923828125,0.9957891702651978,0.9957282543182373,-6.091594696044922e-05,0.017938852310180664,0.027251243591308594,none,,False,0.49367812275886536,0.016598280519247055,,,0.983006477355957,,,,,,,,,,,,,,,,,,,,,,,,,,,,,,,,,,,,,,,,,,,fallback,715_0.73_0.85.png,True,0.49367812275886536,0.016598280519247055,1.6973706483840942,1.6900497674942017,0.983006477355957,0.5080771446228027,0.5526054501533508,0.5294475555419922,0.16772429645061493,0.004209978971630335,0.013532520271837711,0.007219379767775536,0.4549494683742523,0.4847147464752197,0.47719889879226685,0.15935887396335602,0.0014835146721452475,0.0013153781183063984,0.0006251686718314886,0.396065890789032,0.26197922229766846,0.25933128595352173,0.09040083736181259,0.9538353085517883,0.9577940106391907,0.011104577220976353,0.9545885920524597,0.9556792974472046,0.003580821445211768,0.9520561695098877,0.9522410035133362,0.001473209704272449,0.0,0.0021247551776468754,0.08596353977918625,0.010493713431060314,0.024842875078320503,0.950283944606781,0.090390644967556,0.24309365451335907,6.392590421455679e-07,6.392590421455679e-07,0.2591553032398224,0.0021247551776468754,0.08596353977918625,2.2887094441870204e-09,0.024610530585050583
724_0.86_1.35.png,35.57085037231445,35.32814025878906,-0.24271011352539062,0.9951288104057312,0.9949809908866882,-0.00014781951904296875,0.017844438552856445,0.02724313735961914,none,,False,0.7080952525138855,0.007695910520851612,,,0.9895424842834473,,,,,,,,,,,,,,,,,,,,,,,,,,,,,,,,,,,,,,,,,,,fallback,724_0.86_1.35.png,True,0.7080952525138855,0.007695910520851612,1.2432624101638794,1.9065593481063843,0.9895424842834473,0.522078275680542,0.5559313893318176,0.5429986715316772,0.1668081432580948,0.004610599018633366,0.016809603199362755,0.00925716757774353,0.4553726613521576,0.48424744606018066,0.47768837213516235,0.15814067423343658,0.0014317596796900034,0.0012114918790757656,0.0005756868049502373,0.28635287284851074,0.319056898355484,0.2832329273223877,0.07895918190479279,0.954014003276825,0.9598214030265808,0.012999100610613823,0.9546687602996826,0.9557721018791199,0.004388582427054644,0.952061116695404,0.9522178769111633,0.0015264058019965887,0.0,0.0011754512088373303,0.07880423218011856,0.01186321210116148,0.01683097332715988,0.9500879645347595,0.059043530374765396,0.26667261123657227,5.319632805367291e-07,5.319632805367291e-07,0.28309664130210876,0.0011754512088373303,0.07880423218011856,2.13385176195402e-09,0.024841340258717537
728_0.58_1.55.png,42.53912353515625,42.131500244140625,-0.407623291015625,0.9973049163818359,0.9972769618034363,-2.7954578399658203e-05,0.018251419067382812,0.026831626892089844,none,,False,0.6268691420555115,0.009009001776576042,,,0.9908496737480164,,,,,,,,,,,,,,,,,,,,,,,,,,,,,,,,,,,,,,,,,,,fallback,728_0.58_1.55.png,True,0.6268691420555115,0.009009001776576042,1.1446622610092163,1.729936957359314,0.9908496737480164,0.5144291520118713,0.5556864738464355,0.5351300835609436,0.1668587476015091,0.004645036067813635,0.016832660883665085,0.009113090112805367,0.44405966997146606,0.48404866456985474,0.4658210277557373,0.15821054577827454,0.001434073317795992,0.0012439610436558723,0.0005716753657907248,0.21858549118041992,0.26612892746925354,0.32879430055618286,0.08769108355045319,0.9538671970367432,0.9590085744857788,0.013079396449029446,0.9545456171035767,0.9554605484008789,0.0037337627727538347,0.9520668983459473,0.9523312449455261,0.0015047076158225536,0.0,0.0007474306039512157,0.057108085602521896,0.0030279215425252914,0.018293386325240135,0.9501638412475586,0.05946337804198265,0.16270479559898376,1.0496642062207684e-06,1.0496642062207684e-06,0.32866185903549194,0.0007474306039512157,0.057108085602521896,1.0462810617895002e-09,0.024894636124372482
729_0.51_0.72.png,42.74043273925781,42.596405029296875,-0.1440277099609375,0.998397707939148,0.9984145164489746,1.6808509826660156e-05,0.018023014068603516,0.02692413330078125,none,,False,0.4729730188846588,0.016366958618164062,,,0.9830065965652466,,,,,,,,,,,,,,,,,,,,,,,,,,,,,,,,,,,,,,,,,,,fallback,729_0.51_0.72.png,True,0.4729730188846588,0.016366958618164062,1.540283203125,1.9580658674240112,0.9830065965652466,0.5161867141723633,0.5540845394134521,0.5371823310852051,0.16722513735294342,0.004257558844983578,0.015068336389958858,0.008237658068537712,0.4532134532928467,0.4841024577617645,0.47541341185569763,0.15907154977321625,0.0014069988392293453,0.001146960537880659,0.0005421401583589613,0.492865651845932,0.3080204427242279,0.2522290349006653,0.08960773050785065,0.9544556736946106,0.9608911871910095,0.012889919802546501,0.9547144770622253,0.9557218551635742,0.004186886362731457,0.9520614147186279,0.9522660970687866,0.001452200347557664,0.0,0.0019538349006325006,0.0840723067522049,0.009124213829636574,0.02445361576974392,0.9503995180130005,0.09858951717615128,0.24439245462417603,7.843657954254013e-07,7.843657954254013e-07,0.25201913714408875,0.0019538349006325006,0.0840723067522049,2.5027007133360257e-09,0.02492041513323784
730_0.62_0.98.png,37.748836517333984,37.70869445800781,-0.040142059326171875,0.9969770908355713,0.9969384670257568,-3.8623809814453125e-05,0.017467021942138672,0.026130199432373047,none,,False,0.4948156177997589,0.015561502426862717,,,0.9830065965652466,,,,,,,,,,,,,,,,,,,,,,,,,,,,,,,,,,,,,,,,,,,fallback,730_0.62_0.98.png,True,0.4948156177997589,0.015561502426862717,1.534102201461792,1.9526722431182861,0.9830065965652466,0.516079843044281,0.5535790324211121,0.5371126532554626,0.16736599802970886,0.00424429215490818,0.014974275603890419,0.008153812028467655,0.45380425453186035,0.48415684700012207,0.47603097558021545,0.15925715863704681,0.0014089482137933373,0.0011474739294499159,0.0005439114174805582,0.4644548296928406,0.3153401017189026,0.2579485774040222,0.09513505548238754,0.9543375968933105,0.9605432748794556,0.012331107631325722,0.9547200798988342,0.9557170867919922,0.004140662960708141,0.9520599842071533,0.9522545337677002,0.001457756501622498,0.0,0.001984079834073782,0.10078996419906616,0.011320034973323345,0.023816967383027077,0.9503706097602844,0.09517428278923035,0.2836417853832245,7.453926400557975e-07,7.453926400557975e-07,0.2577493190765381,0.001984079834073782,0.10078996419906616,2.964265277682898e-09,0.02491476573050022
732_0.98_1.12.png,35.79711151123047,35.663265228271484,-0.13384628295898438,0.9949561357498169,0.9949448108673096,-1.1324882507324219e-05,0.01826000213623047,0.026479244232177734,none,,False,0.6209819316864014,0.012015566229820251,,,0.9908496737480164,,,,,,,,,,,,,,,,,,,,,,,,,,,,,,,,,,,,,,,,,,,fallback,732_0.98_1.12.png,True,0.6209819316864014,0.012015566229820251,1.5411577224731445,1.9742168188095093,0.9908496737480164,0.516975462436676,0.5535385012626648,0.538063108921051,0.16736997663974762,0.004279204644262791,0.015106956474483013,0.008197410963475704,0.4550429582595825,0.484715074300766,0.4773285686969757,0.15926094353199005,0.0014159980928525329,0.0011586117325350642,0.0005518138059414923,0.3497554361820221,0.2892877459526062,0.26869985461235046,0.067697674036026,0.9538550972938538,0.9591676592826843,0.01252350490540266,0.9546682238578796,0.9559107422828674,0.004072713200002909,0.9520599842071533,0.9522048830986023,0.001499262754805386,0.0,0.001277429866604507,0.09590372443199158,0.008257443085312843,0.019053591415286064,0.9501500725746155,0.06704346090555191,0.267578661441803,5.322752940628561e-07,5.322752940628561e-07,0.2685510516166687,0.001277429866604507,0.09590372443199158,2.1641586300802373e-09,0.024967646226286888
73_0.93_1.41.png,35.03135681152344,35.053306579589844,0.02194976806640625,0.9950541853904724,0.9950735569000244,1.9371509552001953e-05,0.0179903507232666,0.02568340301513672,none,,False,0.7256093621253967,0.015735212713479996,,,0.9986928701400757,,,,,,,,,,,,,,,,,,,,,,,,,,,,,,,,,,,,,,,,,,,fallback,73_0.93_1.41.png,True,0.7256093621253967,0.015735212713479996,1.1120553016662598,1.3587146997451782,0.9986928701400757,0.5150644183158875,0.5532329678535461,0.5360739231109619,0.17269422113895416,0.004101087339222431,0.014116610400378704,0.0076515343971550465,0.4517335593700409,0.48410922288894653,0.473863422870636,0.16604556143283844,0.0013815534766763449,0.0011029940797016025,0.0005208529764786363,0.2203514277935028,0.18095248937606812,0.28557008504867554,0.06209035962820053,0.9535146951675415,0.9578736424446106,0.012044018134474754,0.9545661211013794,0.9556939005851746,0.003750032978132367,0.952061653137207,0.9522672891616821,0.0015313227195292711,0.0,0.0005219558370299637,0.07501770555973053,0.003328402526676655,0.01421793457120657,0.9499546885490417,0.04328077286481857,0.24897880852222443,7.761707934150763e-07,7.761707934150763e-07,0.28540974855422974,0.0005219558370299637,0.07501770555973053,8.185593314280482e-10,0.024997534230351448
742_0.78_1.13.png,41.02397918701172,40.932525634765625,-0.09145355224609375,0.9979737997055054,0.9979097247123718,-6.407499313354492e-05,0.019288301467895508,0.025860309600830078,none,,False,0.5897648334503174,0.0183476023375988,,,0.9895424842834473,,,,,,,,,,,,,,,,,,,,,,,,,,,,,,,,,,,,,,,,,,,fallback,742_0.78_1.13.png,True,0.5897648334503174,0.0183476023375988,1.4479262828826904,1.7363542318344116,0.9895424842834473,0.5224283337593079,0.5568804740905762,0.5434176921844482,0.16659651696681976,0.004243006464093924,0.01504379790276289,0.008253834210336208,0.4567716419696808,0.4845343828201294,0.47915735840797424,0.15784968435764313,0.001389134326018393,0.0011149124475196004,0.0005282085621729493,0.2861003577709198,0.21448953449726105,0.281730055809021,0.06081639602780342,0.9537891149520874,0.9585283994674683,0.0117246825248003,0.9546152353286743,0.9554396271705627,0.003688303753733635,0.9520650506019592,0.9522266387939453,0.0015161948977038264,0.0,0.0008810338913463056,0.06315597891807556,0.003929364029318094,0.0173849668353796,0.9501180052757263,0.05802313610911369,0.18827027082443237,7.574908522656187e-07,7.574908522656187e-07,0.2815437316894531,0.0008810338913463056,0.06315597891807556,1.0370990732866403e-09,0.024997329339385033
744_0.9_0.99.png,40.215423583984375,40.4122314453125,0.196807861328125,0.9978191256523132,0.9977671504020691,-5.1975250244140625e-05,0.017954111099243164,0.02592015266418457,none,,False,0.6034548282623291,0.01871059276163578,,,0.9921568632125854,,,,,,,,,,,,,,,,,,,,,,,,,,,,,,,,,,,,,,,,,,,fallback,744_0.9_0.99.png,True,0.6034548282623291,0.01871059276163578,1.453682780265808,1.7467337846755981,0.9921568632125854,0.5225170850753784,0.5567702651023865,0.5435043573379517,0.16661414504051208,0.004236831329762936,0.015031659975647926,0.008265629410743713,0.45677104592323303,0.4844399690628052,0.479157030582428,0.15787537395954132,0.0013873751740902662,0.0011105590965598822,0.0005261072656139731,0.296467661857605,0.20915555953979492,0.26955223083496094,0.053771354258060455,0.9538482427597046,0.9589575529098511,0.011879238300025463,0.9546321034431458,0.9554683566093445,0.0037386964540928602,0.9520648717880249,0.9522125720977783,0.0015212775906547904,0.0,0.0008919531246647239,0.06548354774713516,0.003992927260696888,0.0172591470181942,0.9501146674156189,0.05774500221014023,0.19333532452583313,6.976255804147513e-07,6.976255804147513e-07,0.26935842633247375,0.0008919531246647239,0.06548354774713516,1.0497326341507573e-09,0.024997398257255554
752_0.78_0.7.png,41.77414321899414,41.64118957519531,-0.13295364379882812,0.9957315325737,0.9956457614898682,-8.577108383178711e-05,0.01795816421508789,0.026256561279296875,none,,False,0.46525153517723083,0.01402810588479042,,,0.9738562107086182,,,,,,,,,,,,,,,,,,,,,,,,,,,,,,,,,,,,,,,,,,,fallback,752_0.78_0.7.png,True,0.46525153517723083,0.01402810588479042,1.643694281578064,1.6584489345550537,0.9738562107086182,0.5034449100494385,0.5476106405258179,0.5247591733932495,0.1692407876253128,0.003924338612705469,0.012479412369430065,0.006532925181090832,0.4505632519721985,0.48460984230041504,0.47259631752967834,0.16163061559200287,0.00144518434535712,0.0012216324685141444,0.0005783518427051604,0.40630143880844116,0.22420822083950043,0.2527675926685333,0.06410912424325943,0.9537574648857117,0.9585464596748352,0.009991795755922794,0.9545555710792542,0.9558050632476807,0.0033230073750019073,0.9520553350448608,0.9522192478179932,0.0014568063197657466,0.0,0.0018856575479730964,0.08223071694374084,0.0078529492020607,0.02511882595717907,0.9502850770950317,0.09011105448007584,0.2640727460384369,5.625807375508884e-07,5.625807375508884e-07,0.2525864243507385,0.0018856575479730964,0.08223071694374084,2.087285011498352e-09,0.02493167668581009
753_0.57_0.6.png,40.09205627441406,40.17605209350586,0.08399581909179688,0.9989485740661621,0.9989508986473083,2.3245811462402344e-06,0.017919301986694336,0.025785446166992188,none,,False,0.5788658857345581,0.044605158269405365,,,0.9895424842834473,,,,,,,,,,,,,,,,,,,,,,,,,,,,,,,,,,,,,,,,,,,fallback,753_0.57_0.6.png,True,0.5788658857345581,0.044605158269405365,1.5851022005081177,1.9922561645507812,0.9895424842834473,0.5070148706436157,0.5513379573822021,0.5278799533843994,0.16996954381465912,0.004265536088496447,0.014821580611169338,0.007995421066880226,0.4472431540489197,0.48461440205574036,0.4691404104232788,0.15969766676425934,0.001422713859938085,0.001187047571875155,0.0005642772885039449,0.4869319498538971,0.22342970967292786,0.23179367184638977,0.08276122063398361,0.954393208026886,0.9602744579315186,0.015667174011468887,0.9547645449638367,0.9560802578926086,0.004230838268995285,0.9520612359046936,0.9522255063056946,0.0014452013419941068,0.0,0.001830822671763599,0.08226589858531952,0.012862888164818287,0.022591670975089073,0.9503520131111145,0.08648811280727386,0.27460598945617676,8.138193265949667e-07,8.138193265949667e-07,0.23141728341579437,0.001830822671763599,0.08226589858531952,2.588652625590271e-09,0.024860186502337456
760_0.93_0.78.png,37.5113410949707,38.06511688232422,0.5537757873535156,0.9969545602798462,0.9970175623893738,6.300210952758789e-05,0.017804384231567383,0.02593708038330078,none,,False,0.5761279463768005,0.012066088616847992,,,0.9986928701400757,,,,,,,,,,,,,,,,,,,,,,,,,,,,,,,,,,,,,,,,,,,fallback,760_0.93_0.78.png,True,0.5761279463768005,0.012066088616847992,1.5655364990234375,2.2029380798339844,0.9986928701400757,0.5181559920310974,0.5517436265945435,0.5392905473709106,0.16787400841712952,0.004321938380599022,0.015318581834435463,0.00831119529902935,0.45681753754615784,0.4845859110355377,0.47918838262557983,0.15955308079719543,0.0014213129179552197,0.001159345149062574,0.0005579722346737981,0.332444965839386,0.25309640169143677,0.2780419588088989,0.08184045553207397,0.9540389180183411,0.9603121280670166,0.015324254520237446,0.954600989818573,0.9556372761726379,0.004361340776085854,0.952059268951416,0.952201783657074,0.0015187716344371438,0.0,0.001320493291132152,0.0977083370089531,0.008661936037242413,0.019489232450723648,0.9501249194145203,0.06821656972169876,0.25551462173461914,6.855133847238903e-07,6.855133847238903e-07,0.27788761258125305,0.001320493291132152,0.0977083370089531,1.92846294488902e-09,0.024971233680844307
763_0.84_1.82.png,38.862396240234375,38.70924377441406,-0.1531524658203125,0.9965967535972595,0.9965345859527588,-6.216764450073242e-05,0.018216371536254883,0.025485992431640625,none,,False,0.7378001809120178,0.01008656807243824,,,0.9803921580314636,,,,,,,,,,,,,,,,,,,,,,,,,,,,,,,,,,,,,,,,,,,fallback,763_0.84_1.82.png,True,0.7378001809120178,0.01008656807243824,1.1956665515899658,1.594144344329834,0.9803921580314636,0.5235896706581116,0.5552493929862976,0.5444345474243164,0.16696231067180634,0.004187401384115219,0.015148346312344074,0.008323301561176777,0.4537907540798187,0.48432669043540955,0.47604191303253174,0.15835100412368774,0.0013566274428740144,0.0010479422053322196,0.0004942408413626254,0.2157125174999237,0.24371351301670074,0.30513796210289,0.059277478605508804,0.9535945057868958,0.9604908227920532,0.01050768792629242,0.9545068144798279,0.9560379981994629,0.003741262014955282,0.9520691633224487,0.9522334337234497,0.0015267528360709548,0.0,0.0004303460300434381,0.0363602414727211,0.0029528015293180943,0.013364497572183609,0.9500068426132202,0.040970075875520706,0.17049163579940796,8.553184898119071e-07,8.553184898119071e-07,0.30502068996429443,0.0004303460300434381,0.0363602414727211,6.185365553079691e-10,0.024758953601121902
769_0.72_1.83.png,29.214618682861328,28.913410186767578,-0.30120849609375,0.9894549250602722,0.9887282848358154,-0.0007266402244567871,0.018190383911132812,0.0254056453704834,none,,False,0.791330873966217,0.007198433391749859,,,0.9973856806755066,,,,,,,,,,,,,,,,,,,,,,,,,,,,,,,,,,,,,,,,,,,fallback,769_0.72_1.83.png,True,0.791330873966217,0.007198433391749859,0.7708426117897034,1.030288815498352,0.9973856806755066,0.5160170793533325,0.5552841424942017,0.5369508266448975,0.16700048744678497,0.004436636343598366,0.015701299533247948,0.008574350737035275,0.4513559937477112,0.48491910099983215,0.47346460819244385,0.15840104222297668,0.0014343269867822528,0.0012188182445243,0.0005751022836193442,0.21440188586711884,0.24280890822410583,0.2763378620147705,0.04704831913113594,0.9538142681121826,0.9574303030967712,0.010268391110002995,0.9545397162437439,0.955564558506012,0.003874321701005101,0.9520658254623413,0.9522262811660767,0.0015424826415255666,0.0,0.0006862898007966578,0.12644948065280914,0.0043396358378231525,0.014731219969689846,0.9500375986099243,0.04557080194354057,0.22971859574317932,7.141170499380678e-07,7.141170499380678e-07,0.27623870968818665,0.0006862898007966578,0.12644948065280914,1.3417045252595017e-09,0.024980077520012856
772_0.9_1.15.png,32.60150146484375,32.461490631103516,-0.14001083374023438,0.9939994812011719,0.9937734007835388,-0.00022608041763305664,0.01815342903137207,0.02573394775390625,none,,False,0.744168221950531,0.00805055070668459,,,0.9973856806755066,,,,,,,,,,,,,,,,,,,,,,,,,,,,,,,,,,,,,,,,,,,fallback,772_0.9_1.15.png,True,0.744168221950531,0.00805055070668459,0.8024497628211975,1.0694000720977783,0.9973856806755066,0.5152963399887085,0.5554760694503784,0.5362399220466614,0.16703952848911285,0.004450725391507149,0.015725938603281975,0.008634992875158787,0.45111826062202454,0.4848608374595642,0.47321298718452454,0.15845787525177002,0.0014396964106708765,0.0012288499856367707,0.000578842475079,0.26536351442337036,0.25967609882354736,0.27322980761528015,0.04315533861517906,0.9540141820907593,0.957685649394989,0.010665824636816978,0.9546402096748352,0.9556879997253418,0.0038545713759958744,0.9520644545555115,0.9522192478179932,0.001521141268312931,0.0,0.0009283008985221386,0.13737617433071136,0.00576691934838891,0.016601096838712692,0.9501087665557861,0.05434992164373398,0.24386681616306305,6.621550028285128e-07,6.621550028285128e-07,0.27312976121902466,0.0009283008985221386,0.13737617433071136,1.7062424806368881e-09,0.02496013231575489
778_0.99_1.06.png,33.9013786315918,33.86203384399414,-0.03934478759765625,0.9975705146789551,0.9975394010543823,-3.1113624572753906e-05,0.017972946166992188,0.025863170623779297,none,,False,0.721938967704773,0.02144189551472664,,,0.9973856806755066,,,,,,,,,,,,,,,,,,,,,,,,,,,,,,,,,,,,,,,,,,,fallback,778_0.99_1.06.png,True,0.721938967704773,0.02144189551472664,1.4534286260604858,1.4782847166061401,0.9973856806755066,0.5109165906906128,0.5553566217422485,0.5318605303764343,0.16696934401988983,0.004071418195962906,0.0142448665574193,0.007581708021461964,0.44672802090644836,0.4841713011264801,0.4686067998409271,0.15836219489574432,0.0013905800879001617,0.0011027059517800808,0.0005148949567228556,0.3157787621021271,0.19060201942920685,0.2710321545600891,0.05479349195957184,0.9540380239486694,0.9603167772293091,0.011553795076906681,0.9546904563903809,0.9558765292167664,0.003706194693222642,0.9520621299743652,0.9522107243537903,0.0014999413397163153,0.0,0.0004508058191277087,0.054910775274038315,0.0028661242686212063,0.01450277492403984,0.9500745534896851,0.04633538797497749,0.1439111977815628,7.187030064415012e-07,7.187030064415012e-07,0.2708489000797272,0.0004508058191277087,0.054910775274038315,6.411836617203903e-10,0.02489428222179413
782_0.62_1.68.png,35.49031066894531,35.9732780456543,0.4829673767089844,0.9972295761108398,0.9973262548446655,9.66787338256836e-05,0.018004655838012695,0.026028871536254883,none,,False,0.564056932926178,0.015182580798864365,,,0.9738562107086182,,,,,,,,,,,,,,,,,,,,,,,,,,,,,,,,,,,,,,,,,,,fallback,782_0.62_1.68.png,True,0.564056932926178,0.015182580798864365,1.4680296182632446,2.1062793731689453,0.9738562107086182,0.5177769660949707,0.5541425943374634,0.538720965385437,0.1672540307044983,0.004469064064323902,0.0160728320479393,0.008771217428147793,0.4512236714363098,0.484480619430542,0.47332999110221863,0.15874284505844116,0.0014226444764062762,0.001187967718578875,0.0005554360686801374,0.32374411821365356,0.3248857259750366,0.29738736152648926,0.09741746634244919,0.9541758894920349,0.9650359749794006,0.014894498512148857,0.9546579122543335,0.9558388590812683,0.0038683160673826933,0.9520622491836548,0.9522844552993774,0.0014768843539059162,0.0,0.0012180500198155642,0.08248551189899445,0.005530002061277628,0.019870396703481674,0.9502712488174438,0.07303602248430252,0.24794915318489075,9.126477493737184e-07,9.126477493737184e-07,0.29720839858055115,0.0012180500198155642,0.08248551189899445,2.192622750030182e-09,0.024669166654348373
786_0.91_0.72.png,40.52556610107422,41.14406204223633,0.6184959411621094,0.9977735280990601,0.9978014230728149,2.7894973754882812e-05,0.018068313598632812,0.025236845016479492,none,,False,0.683503270149231,0.0153703223913908,,,0.9973856806755066,,,,,,,,,,,,,,,,,,,,,,,,,,,,,,,,,,,,,,,,,,,fallback,786_0.91_0.72.png,True,0.683503270149231,0.0153703223913908,0.8536929488182068,1.3428888320922852,0.9973856806755066,0.5163341164588928,0.551112174987793,0.5370039343833923,0.1680556684732437,0.00409315712749958,0.014772094786167145,0.008087308146059513,0.4443650245666504,0.4842279553413391,0.46615326404571533,0.15978780388832092,0.0013355057453736663,0.0010081891668960452,0.00047060108045116067,0.2526685297489166,0.23213094472885132,0.303438663482666,0.07994090765714645,0.9540140628814697,0.9605004787445068,0.013915837742388248,0.9546443819999695,0.9556055068969727,0.0037657986395061016,0.9520646333694458,0.952205240726471,0.0014558177208527923,0.0,0.0007087059202603996,0.07532074302434921,0.0026234283577650785,0.016039934009313583,0.9500620365142822,0.05193914845585823,0.21336302161216736,7.058351911837235e-07,7.058351911837235e-07,0.3032667636871338,0.0007087059202603996,0.07532074302434921,9.924986388298862e-10,0.024943649768829346
790_0.55_1.94.png,37.48307800292969,37.80453109741211,0.3214530944824219,0.9952877759933472,0.9952502250671387,-3.7550926208496094e-05,0.018126249313354492,0.02543473243713379,none,,False,0.5008081197738647,0.014561926946043968,,,0.9568628072738647,,,,,,,,,,,,,,,,,,,,,,,,,,,,,,,,,,,,,,,,,,,fallback,790_0.55_1.94.png,True,0.5008081197738647,0.014561926946043968,0.8914644122123718,1.3660948276519775,0.9568628072738647,0.4919065237045288,0.5447931289672852,0.5121303200721741,0.16717177629470825,0.003812416223809123,0.01335966121405363,0.0069991773925721645,0.42196547985076904,0.48415395617485046,0.4426380693912506,0.15776745975017548,0.0013301563449203968,0.0010075244354084134,0.0004348645743448287,0.2528626024723053,0.24454526603221893,0.3180536925792694,0.07246895879507065,0.9536792039871216,0.9590075612068176,0.011819743551313877,0.954383909702301,0.9558629989624023,0.0033462103456258774,0.952070415019989,0.9523904919624329,0.0014317550230771303,0.0,0.0013244032161310315,0.07541357725858688,0.004443648271262646,0.024880629032850266,0.9503178596496582,0.08131176233291626,0.19233854115009308,1.1004444786522072e-06,1.1004444786522072e-06,0.3179083466529846,0.0013244032161310315,0.07541357725858688,2.2854331760413515e-09,0.024969378486275673
795_0.86_1.17.png,41.063446044921875,41.19676971435547,0.13332366943359375,0.9966524839401245,0.9966583251953125,5.841255187988281e-06,0.01806640625,0.02572941780090332,none,,False,0.5204907059669495,0.01538783311843872,,,0.9816993474960327,,,,,,,,,,,,,,,,,,,,,,,,,,,,,,,,,,,,,,,,,,,fallback,795_0.86_1.17.png,True,0.5204907059669495,0.01538783311843872,2.4522316455841064,2.0489752292633057,0.9816993474960327,0.5076804757118225,0.5561999678611755,0.5290647745132446,0.16887161135673523,0.00414013396948576,0.013299915008246899,0.007097441237419844,0.4541977345943451,0.484724760055542,0.47640955448150635,0.1580543965101242,0.0014746678061783314,0.0012911653611809015,0.0006146974046714604,0.4337020218372345,0.2795619070529938,0.2518213093280792,0.0785234197974205,0.9537909626960754,0.9592670202255249,0.011699763126671314,0.9544586539268494,0.9556719064712524,0.003983809147030115,0.9520567059516907,0.9522928595542908,0.0015266407281160355,0.0,0.0014165638713166118,0.06182603910565376,0.005564672872424126,0.020923614501953125,0.9502527713775635,0.07517677545547485,0.21131497621536255,7.587722166135791e-07,7.587722166135791e-07,0.2516302168369293,0.0014165638713166118,0.06182603910565376,1.935227311733456e-09,0.023952336981892586
7_0.89_0.6.png,39.09583282470703,39.27692794799805,0.18109512329101562,0.9970735311508179,0.9972216486930847,0.0001481175422668457,0.01807546615600586,0.03575539588928223,none,,False,0.5034795999526978,0.020151682198047638,,,0.9738562107086182,,,,,,,,,,,,,,,,,,,,,,,,,,,,,,,,,,,,,,,,,,,fallback,7_0.89_0.6.png,True,0.5034795999526978,0.020151682198047638,1.6351414918899536,1.754012942314148,0.9738562107086182,0.5078850984573364,0.5473387241363525,0.5291013121604919,0.1692522019147873,0.0037540209013968706,0.01200881414115429,0.0063974433578550816,0.4512912333011627,0.4842143952846527,0.47337594628334045,0.16128195822238922,0.0013946943217888474,0.0011143425945192575,0.0005291646812111139,0.42105111479759216,0.22184425592422485,0.25532975792884827,0.05946369841694832,0.9540590643882751,0.9592756032943726,0.011066504754126072,0.954652726650238,0.9556422829627991,0.0034742436837404966,0.9520567059516907,0.9523972272872925,0.0014315360458567739,0.0,0.001676542917266488,0.0812421515583992,0.00632743164896965,0.02321390062570572,0.9502589106559753,0.08423305302858353,0.2528771460056305,5.447300281957723e-07,5.447300281957723e-07,0.25512829422950745,0.001676542917266488,0.0812421515583992,1.566182405987604e-09,0.024984484538435936
801_0.55_1.38.png,36.55445098876953,37.44331741333008,0.8888664245605469,0.9966768026351929,0.9965988993644714,-7.790327072143555e-05,0.01798844337463379,0.03563952445983887,none,,False,0.453487366437912,0.0151454983279109,,,0.9973856806755066,,,,,,,,,,,,,,,,,,,,,,,,,,,,,,,,,,,,,,,,,,,fallback,801_0.55_1.38.png,True,0.453487366437912,0.0151454983279109,1.5937365293502808,1.8809007406234741,0.9973856806755066,0.5218769907951355,0.5552871227264404,0.5427842140197754,0.1669573038816452,0.004067038185894489,0.014361029490828514,0.00786773581057787,0.4534660577774048,0.48419976234436035,0.4756961762905121,0.158342182636261,0.001355332788079977,0.0010438145836815238,0.0004996670759283006,0.27701565623283386,0.25737863779067993,0.2899987995624542,0.08766987919807434,0.9534861445426941,0.9592536687850952,0.011345612816512585,0.954502284526825,0.9557909369468689,0.003389091929420829,0.9520760178565979,0.9523025155067444,0.0015036993427202106,0.0,0.0013609185116365552,0.07543576508760452,0.004663230385631323,0.02291850373148918,0.9502779245376587,0.07593093067407608,0.25135648250579834,1.0454623406985775e-06,1.0454623406985775e-06,0.28984683752059937,0.0013609185116365552,0.07543576508760452,1.679306360635735e-09,0.02169889584183693
803_0.56_0.58.png,43.53836441040039,44.51567840576172,0.9773139953613281,0.9984649419784546,0.9984598159790039,-5.125999450683594e-06,0.01793050765991211,0.03731536865234375,none,,False,0.4205021858215332,0.020438171923160553,,,0.9973856806755066,,,,,,,,,,,,,,,,,,,,,,,,,,,,,,,,,,,,,,,,,,,fallback,803_0.56_0.58.png,True,0.4205021858215332,0.020438171923160553,1.6384143829345703,1.9212502241134644,0.9973856806755066,0.5229057669639587,0.5552734732627869,0.5437811017036438,0.16699263453483582,0.004036139231175184,0.014360389672219753,0.007978278212249279,0.4535191059112549,0.4840930104255676,0.47575560212135315,0.15839067101478577,0.001343623735010624,0.0010148969013243914,0.0004879430343862623,0.40525710582733154,0.2563358247280121,0.23910118639469147,0.080783911049366,0.9538689851760864,0.9594199657440186,0.011153062805533409,0.9546997547149658,0.9558804631233215,0.0036293212324380875,0.952070415019989,0.9522658586502075,0.0014564432203769684,0.0,0.0019140595104545355,0.08208645135164261,0.007009292021393776,0.025310467928647995,0.950350821018219,0.0934683084487915,0.24890868365764618,8.556307307117095e-07,8.556307307117095e-07,0.2388860136270523,0.0019140595104545355,0.08208645135164261,2.011918409650093e-09,0.021521644666790962
810_0.78_1.52.png,23.843299865722656,23.91689109802246,0.07359123229980469,0.9837126731872559,0.983829140663147,0.00011646747589111328,0.018224716186523438,0.0356755256652832,none,,False,0.5831116437911987,0.016244597733020782,,,0.9986928701400757,,,,,,,,,,,,,,,,,,,,,,,,,,,,,,,,,,,,,,,,,,,fallback,810_0.78_1.52.png,True,0.5831116437911987,0.016244597733020782,3.019263982772827,3.3468832969665527,0.9986928701400757,0.5164535641670227,0.5559099316596985,0.5378339290618896,0.16681760549545288,0.004504437558352947,0.015391643159091473,0.008479694835841656,0.46163472533226013,0.48479312658309937,0.4842205345630646,0.15815773606300354,0.0014956210507079959,0.0013215661747381091,0.0006381224375218153,0.5402501225471497,0.32767513394355774,0.22348825633525848,0.0911647230386734,0.9547066688537598,0.9610862731933594,0.019247230142354965,0.9546255469322205,0.9557227492332458,0.004114708863198757,0.9520533680915833,0.9522378444671631,0.0015079416334629059,0.0,0.001648593577556312,0.09808100759983063,0.009349575266242027,0.020662879571318626,0.9504140019416809,0.08749740570783615,0.27231141924858093,6.972499591029191e-07,6.972499591029191e-07,0.22327156364917755,0.001648593577556312,0.09808100759983063,2.8933762052929524e-09,0.02486841008067131
824_0.66_1.88.png,32.307525634765625,32.35943603515625,0.051910400390625,0.9935316443443298,0.9936035871505737,7.194280624389648e-05,0.017988920211791992,0.036103010177612305,none,,False,0.6602746844291687,0.011031479574739933,,,0.988235354423523,,,,,,,,,,,,,,,,,,,,,,,,,,,,,,,,,,,,,,,,,,,fallback,824_0.66_1.88.png,True,0.6602746844291687,0.011031479574739933,1.7214444875717163,2.2257704734802246,0.988235354423523,0.5196018815040588,0.5545129776000977,0.5406087040901184,0.16713374853134155,0.004279464948922396,0.01532986294478178,0.008321873843669891,0.4556366205215454,0.48457467555999756,0.4779607653617859,0.1589486300945282,0.0013971480075269938,0.0011216378770768642,0.0005353706073947251,0.2965104281902313,0.28279268741607666,0.27677303552627563,0.08837926387786865,0.9538633823394775,0.9591522216796875,0.010951671749353409,0.9545862674713135,0.9557302594184875,0.0038108413573354483,0.9520631432533264,0.9522377252578735,0.001521280501037836,0.0,0.000986567814834416,0.07321462035179138,0.005917159840464592,0.016542905941605568,0.9501364231109619,0.058761902153491974,0.26737648248672485,7.78596700001799e-07,7.78596700001799e-07,0.27661752700805664,0.000986567814834416,0.07321462035179138,1.6501017219283654e-09,0.02460615150630474
82_0.97_1.73.png,36.84107208251953,36.924686431884766,0.08361434936523438,0.9924366474151611,0.9925659894943237,0.00012934207916259766,0.018166780471801758,0.03572988510131836,none,,False,0.657826840877533,0.013529743999242783,,,0.9986928701400757,,,,,,,,,,,,,,,,,,,,,,,,,,,,,,,,,,,,,,,,,,,fallback,82_0.97_1.73.png,True,0.657826840877533,0.013529743999242783,2.0970234870910645,1.892162799835205,0.9986928701400757,0.5022249221801758,0.5547454357147217,0.5234452486038208,0.1707538217306137,0.004203897900879383,0.013715382665395737,0.007189001422375441,0.446022093296051,0.4849923551082611,0.46783339977264404,0.16350483894348145,0.0014642198802903295,0.0012654087040573359,0.000597609905526042,0.28691190481185913,0.24532610177993774,0.25659382343292236,0.05516284331679344,0.9531102180480957,0.9580138921737671,0.010352523066103458,0.9544300436973572,0.955653965473175,0.003981171175837517,0.9520594477653503,0.952286422252655,0.0016501381760463119,0.0,0.0009661659714765847,0.06719856709241867,0.007194203324615955,0.0165519118309021,0.9500148296356201,0.052943844348192215,0.25759410858154297,8.925561587602715e-07,8.925561587602715e-07,0.2564065158367157,0.0009661659714765847,0.06719856709241867,9.629613773043388e-10,0.02488650195300579
834_0.61_0.66.png,38.896507263183594,39.29961013793945,0.4031028747558594,0.9982422590255737,0.9982563853263855,1.4126300811767578e-05,0.020899057388305664,0.03554224967956543,none,,False,0.47829076647758484,0.023789748549461365,,,0.9790849685668945,,,,,,,,,,,,,,,,,,,,,,,,,,,,,,,,,,,,,,,,,,,fallback,834_0.61_0.66.png,True,0.47829076647758484,0.023789748549461365,1.3375741243362427,1.1623789072036743,0.9790849685668945,0.5062255859375,0.5518288612365723,0.5273212194442749,0.16783317923545837,0.0036668467801064253,0.011171793565154076,0.006063979119062424,0.44663506746292114,0.48367348313331604,0.468497097492218,0.15950541198253632,0.0013924139784649014,0.0011547242756932974,0.0005399449728429317,0.3962591886520386,0.25463923811912537,0.2727612555027008,0.08415218442678452,0.954103410243988,0.9597257971763611,0.012546783313155174,0.9546729326248169,0.9559521079063416,0.0034416173584759235,0.9520581364631653,0.9522578716278076,0.001384416944347322,0.0,0.0017047482542693615,0.0747334286570549,0.003987148869782686,0.02434457466006279,0.9503141045570374,0.08960377424955368,0.19243937730789185,7.145074505388038e-07,7.145074505388038e-07,0.272538959980011,0.0017047482542693615,0.0747334286570549,1.6726201534922325e-09,0.0249452106654644
836_0.97_1.19.png,36.065616607666016,36.7496452331543,0.6840286254882812,0.997109591960907,0.9971922636032104,8.26716423034668e-05,0.017871379852294922,0.03700685501098633,none,,False,0.6220131516456604,0.020616529509425163,,,0.988235354423523,,,,,,,,,,,,,,,,,,,,,,,,,,,,,,,,,,,,,,,,,,,fallback,836_0.97_1.19.png,True,0.6220131516456604,0.020616529509425163,1.35366690158844,1.1653441190719604,0.988235354423523,0.5051857233047485,0.5519580841064453,0.5263185501098633,0.16788984835147858,0.003694451879709959,0.011126415804028511,0.005988460499793291,0.4469548463821411,0.4844173491001129,0.4688282012939453,0.15957440435886383,0.0014052219921723008,0.001184217631816864,0.0005575205432251096,0.362199991941452,0.2562914490699768,0.2505585849285126,0.07147514820098877,0.9537465572357178,0.959792971611023,0.012584411539137363,0.95463627576828,0.9559323787689209,0.0038298333529382944,0.9520552754402161,0.952195942401886,0.0014334222069010139,0.0,0.0010643566492944956,0.0636960119009018,0.0035133135970681906,0.018716398626565933,0.9501100182533264,0.0654812678694725,0.1928342878818512,6.535436796184513e-07,6.535436796184513e-07,0.250358521938324,0.0010643566492944956,0.0636960119009018,1.0403907735323514e-09,0.024934763088822365
844_0.99_1.22.png,35.72018814086914,35.63998794555664,-0.0802001953125,0.9962322115898132,0.9962248802185059,-7.331371307373047e-06,0.02000880241394043,0.03554582595825195,none,,False,0.7314247488975525,0.006389769725501537,,,0.9986928701400757,,,,,,,,,,,,,,,,,,,,,,,,,,,,,,,,,,,,,,,,,,,fallback,844_0.99_1.22.png,True,0.7314247488975525,0.006389769725501537,0.9721857309341431,1.2848743200302124,0.9986928701400757,0.5250413417816162,0.5563727617263794,0.5459319353103638,0.1667003631591797,0.0042719109915196896,0.015588286332786083,0.008702222257852554,0.4559612572193146,0.4844188094139099,0.47831758856773376,0.1579950600862503,0.0013690476771444082,0.0010711927898228168,0.0005059795221313834,0.28086817264556885,0.27494555711746216,0.2616389989852905,0.050108809024095535,0.9542016386985779,0.9582324028015137,0.010889106430113316,0.9546173810958862,0.9557701349258423,0.003546977648511529,0.9520670175552368,0.9522163271903992,0.0014993249205872416,0.0,0.0008024200215004385,0.05227901414036751,0.004189395345747471,0.015909293666481972,0.9501168131828308,0.054041337221860886,0.22081182897090912,6.128902896307409e-07,6.128902896307409e-07,0.26152509450912476,0.0008024200215004385,0.05227901414036751,9.961848013162466e-10,0.024890169501304626
845_0.6_1.37.png,32.263885498046875,32.05571746826172,-0.20816802978515625,0.9855393767356873,0.9849154949188232,-0.0006238818168640137,0.017900466918945312,0.035709381103515625,none,,False,0.6986002922058105,0.009118912741541862,,,0.9973856806755066,,,,,,,,,,,,,,,,,,,,,,,,,,,,,,,,,,,,,,,,,,,fallback,845_0.6_1.37.png,True,0.6986002922058105,0.009118912741541862,1.2131391763687134,1.8066807985305786,0.9973856806755066,0.5177460312843323,0.5534489154815674,0.5386443138122559,0.16743488609790802,0.004410414025187492,0.015852412208914757,0.00863798800855875,0.4520047903060913,0.4841941297054291,0.4741526246070862,0.1589837521314621,0.0014095255173742771,0.0011629060609266162,0.0005471927579492331,0.3052349388599396,0.25893813371658325,0.23786009848117828,0.05271889641880989,0.9538853168487549,0.9587151408195496,0.010395028628408909,0.9546110033988953,0.9556249976158142,0.0036634919233620167,0.9520636796951294,0.9522081613540649,0.0015354995848610997,0.0,0.0011455074418336153,0.0948835015296936,0.010285687632858753,0.017235098406672478,0.9501305818557739,0.05869252607226372,0.2534610331058502,5.78054482502921e-07,5.78054482502921e-07,0.23769289255142212,0.0011455074418336153,0.0948835015296936,1.944542526999271e-09,0.024890482425689697
852_0.93_0.73.png,39.11763000488281,39.14981460571289,0.032184600830078125,0.9989976286888123,0.9990465044975281,4.887580871582031e-05,0.017711877822875977,0.035497188568115234,none,,False,0.5830507278442383,0.03023000806570053,,,0.9908496737480164,,,,,,,,,,,,,,,,,,,,,,,,,,,,,,,,,,,,,,,,,,,fallback,852_0.93_0.73.png,True,0.5830507278442383,0.03023000806570053,2.3625893592834473,1.7624131441116333,0.9908496737480164,0.5125884413719177,0.5565475225448608,0.5340297222137451,0.16660118103027344,0.0038008217234164476,0.011914956383407116,0.0064559378661215305,0.4593784809112549,0.48461678624153137,0.4818529784679413,0.15822595357894897,0.001425451599061489,0.0011657490395009518,0.0005554024246521294,0.3885974884033203,0.16687524318695068,0.2596840262413025,0.046380557119846344,0.9539933204650879,0.9602070450782776,0.011525837704539299,0.9545741677284241,0.9555972218513489,0.003256984055042267,0.9520561695098877,0.9522066116333008,0.0014515947550535202,0.0,0.0009067652863450348,0.07374384254217148,0.0039235856384038925,0.018216703087091446,0.9501797556877136,0.06352575123310089,0.19897519052028656,6.065577053959714e-07,6.065577053959714e-07,0.2594439387321472,0.0009067652863450348,0.07374384254217148,1.222861478744619e-09,0.024998629465699196
859_0.97_0.93.png,37.85584259033203,38.10865783691406,0.25281524658203125,0.996557891368866,0.9966138601303101,5.59687614440918e-05,0.01788330078125,0.035582542419433594,none,,False,0.6569210290908813,0.013924205675721169,,,0.9986928701400757,,,,,,,,,,,,,,,,,,,,,,,,,,,,,,,,,,,,,,,,,,,fallback,859_0.97_0.93.png,True,0.6569210290908813,0.013924205675721169,1.3309003114700317,1.7499020099639893,0.9986928701400757,0.5053057074546814,0.5446246266365051,0.5264759063720703,0.16726674139499664,0.003989009652286768,0.013414387591183186,0.007163513917475939,0.4481067657470703,0.48440316319465637,0.47003087401390076,0.16012302041053772,0.0014156281249597669,0.0011493818601593375,0.0005428030854091048,0.32074809074401855,0.22535069286823273,0.25712156295776367,0.05647891014814377,0.9540084004402161,0.9582517743110657,0.011542796157300472,0.9546480774879456,0.9557861089706421,0.003678266890347004,0.952057957649231,0.9523910284042358,0.001474181073717773,0.0,0.0008653352851979434,0.03812757506966591,0.00451876875013113,0.018359461799263954,0.9501315355300903,0.06124379113316536,0.15429158508777618,5.145897716829495e-07,5.145897716829495e-07,0.2569279372692108,0.0008653352851979434,0.03812757506966591,7.972507098941151e-10,0.024940460920333862
861_0.95_0.65.png,40.74715042114258,40.74520492553711,-0.00194549560546875,0.9982917308807373,0.9983059763908386,1.424551010131836e-05,0.017922401428222656,0.03717684745788574,none,,False,0.5530225038528442,0.017603568732738495,,,0.98562091588974,,,,,,,,,,,,,,,,,,,,,,,,,,,,,,,,,,,,,,,,,,,fallback,861_0.95_0.65.png,True,0.5530225038528442,0.017603568732738495,1.502699375152588,1.6146717071533203,0.98562091588974,0.5152018070220947,0.5549654960632324,0.5363469123840332,0.16703596711158752,0.00415129354223609,0.014138144440948963,0.007712482940405607,0.4544024169445038,0.48416632413864136,0.47665199637413025,0.15844815969467163,0.0014216011622920632,0.0011802524095401168,0.0005590093787759542,0.40699681639671326,0.251450777053833,0.2546975910663605,0.04811115190386772,0.954253613948822,0.9587297439575195,0.011352886445820332,0.954694926738739,0.9556035399436951,0.003805985441431403,0.952059268951416,0.9522225260734558,0.0014700652100145817,0.0,0.0015583800850436091,0.07394730299711227,0.005732248537242413,0.021352043375372887,0.9502625465393066,0.07897871732711792,0.23564210534095764,5.628473331853456e-07,5.628473331853456e-07,0.25453421473503113,0.0015583800850436091,0.07394730299711227,1.8153097913753413e-09,0.024963660165667534
864_0.62_0.85.png,41.932125091552734,41.867408752441406,-0.06471633911132812,0.9987391233444214,0.9987739324569702,3.4809112548828125e-05,0.01876544952392578,0.03568720817565918,none,,False,0.5015313625335693,0.017624789848923683,,,0.9921568632125854,,,,,,,,,,,,,,,,,,,,,,,,,,,,,,,,,,,,,,,,,,,fallback,864_0.62_0.85.png,True,0.5015313625335693,0.017624789848923683,1.4838999509811401,1.5965946912765503,0.9921568632125854,0.515501856803894,0.555350124835968,0.5366324782371521,0.16694201529026031,0.004165894817560911,0.014231561683118343,0.007740872912108898,0.4543057084083557,0.4841565489768982,0.47655177116394043,0.1583232283592224,0.0014211616944521666,0.0011803859379142523,0.0005579303251579404,0.38947364687919617,0.26574966311454773,0.27827370166778564,0.062359120696783066,0.9541743397712708,0.9589893817901611,0.0100630521774292,0.954620897769928,0.9556256532669067,0.0035822014324367046,0.952060878276825,0.9522950649261475,0.001457570237107575,0.0,0.0015527649084106088,0.06906630098819733,0.005547337234020233,0.022355834022164345,0.9503129124641418,0.08250413835048676,0.23160873353481293,7.412372156068159e-07,7.412372156068159e-07,0.2781093418598175,0.0015527649084106088,0.06906630098819733,1.8495012188424198e-09,0.024994049221277237
868_0.85_0.65.png,40.025474548339844,39.85796356201172,-0.167510986328125,0.998990535736084,0.998982310295105,-8.225440979003906e-06,0.017163991928100586,0.036077260971069336,none,,False,0.5262686014175415,0.031575050204992294,,,1.0,,,,,,,,,,,,,,,,,,,,,,,,,,,,,,,,,,,,,,,,,,,fallback,868_0.85_0.65.png,True,0.5262686014175415,0.031575050204992294,1.368594765663147,1.1244722604751587,1.0,0.4859221875667572,0.5439721345901489,0.5068638324737549,0.1708468496799469,0.0034977959003299475,0.009654833003878593,0.005070881452411413,0.43347203731536865,0.4844990074634552,0.4546644389629364,0.16033482551574707,0.0014116878155618906,0.0012069024378433824,0.0005557149415835738,0.5080437064170837,0.23814336955547333,0.2055818736553192,0.0698971226811409,0.9542099237442017,0.9592617750167847,0.011294427327811718,0.954685389995575,0.9558831453323364,0.0036242487840354443,0.9520512223243713,0.9522759914398193,0.0013864153297618032,0.0,0.0021380134858191013,0.07203800976276398,0.009384245611727238,0.025275886058807373,0.9503509402275085,0.09749460965394974,0.23141588270664215,5.542825647353311e-07,5.542825647353311e-07,0.20528091490268707,0.0021380134858191013,0.07203800976276398,1.7066713597913008e-09,0.02466448023915291
870_0.81_1.14.png,39.45225524902344,39.79554748535156,0.343292236328125,0.9982463717460632,0.9982289671897888,-1.7404556274414062e-05,0.01903700828552246,0.035659074783325195,none,,False,0.6651755571365356,0.02488354966044426,,,0.9947712421417236,,,,,,,,,,,,,,,,,,,,,,,,,,,,,,,,,,,,,,,,,,,fallback,870_0.81_1.14.png,True,0.6651755571365356,0.02488354966044426,1.3499760627746582,1.3354523181915283,0.9947712421417236,0.504646897315979,0.5496941208839417,0.526002049446106,0.1685073971748352,0.004100488033145666,0.012819108553230762,0.0068426430225372314,0.45139285922050476,0.48495104908943176,0.47346511483192444,0.1603633612394333,0.0014752424322068691,0.0013060284545645118,0.000621446524746716,0.3099086880683899,0.24511606991291046,0.28243228793144226,0.08160051703453064,0.9537451267242432,0.9613000750541687,0.011791001074016094,0.9546119570732117,0.9557346105575562,0.003742527449503541,0.9520521759986877,0.9522391557693481,0.0014657803112640977,0.0,0.0010156631469726562,0.05365094542503357,0.004114275332540274,0.018236707895994186,0.950115978717804,0.06195232272148132,0.19072552025318146,7.01381168255466e-07,7.01381168255466e-07,0.2822076082229614,0.0010156631469726562,0.05365094542503357,1.2447632924406093e-09,0.024970408529043198
871_0.96_0.58.png,41.771400451660156,42.625,0.8535995483398438,0.9990479350090027,0.9990431666374207,-4.76837158203125e-06,0.017362594604492188,0.03573346138000488,none,,False,0.63898766040802,0.029696132987737656,,,0.9960784316062927,,,,,,,,,,,,,,,,,,,,,,,,,,,,,,,,,,,,,,,,,,,fallback,871_0.96_0.58.png,True,0.63898766040802,0.029696132987737656,1.3872551918029785,1.3664451837539673,0.9960784316062927,0.5043947100639343,0.5490241050720215,0.5257608294487,0.16868458688259125,0.0040652453899383545,0.012650599703192711,0.006815953645855188,0.4514605700969696,0.48501577973365784,0.4735353887081146,0.16058720648288727,0.0014727211091667414,0.0012989642564207315,0.0006198100745677948,0.38385164737701416,0.24903608858585358,0.2533493936061859,0.0739624947309494,0.9540855288505554,0.960715651512146,0.013133167289197445,0.9546883702278137,0.9558912515640259,0.00394365144893527,0.9520511031150818,0.9522092938423157,0.0014532571658492088,0.0,0.0013414793647825718,0.058114416897296906,0.0048423632979393005,0.019951097667217255,0.950203537940979,0.07182147353887558,0.20328079164028168,6.072186806704849e-07,6.072186806704849e-07,0.25307172536849976,0.0013414793647825718,0.058114416897296906,1.5123053920262919e-09,0.02489841729402542
874_0.92_1.27.png,39.132720947265625,39.44689178466797,0.31417083740234375,0.9959802031517029,0.9960886240005493,0.00010842084884643555,0.01956486701965332,0.035849809646606445,none,,False,0.6626176238059998,0.008842154406011105,,,0.9803921580314636,,,,,,,,,,,,,,,,,,,,,,,,,,,,,,,,,,,,,,,,,,,fallback,874_0.92_1.27.png,True,0.6626176238059998,0.008842154406011105,1.5033618211746216,2.076786756515503,0.9803921580314636,0.519351065158844,0.5541033744812012,0.5404053926467896,0.16724362969398499,0.004407593514770269,0.015659475699067116,0.008554789237678051,0.4559822380542755,0.4849233329296112,0.4783177971839905,0.15872840583324432,0.0014270911924540997,0.0011924013961106539,0.0005681516486220062,0.2982117831707001,0.28082475066185,0.27612394094467163,0.07573064416646957,0.9535948634147644,0.9585315585136414,0.009762496687471867,0.9545996189117432,0.9556875824928284,0.004045943729579449,0.952060878276825,0.9522043466567993,0.0015138835879042745,0.0,0.001061299699358642,0.1392536759376526,0.012556629255414009,0.01708521693944931,0.9500707387924194,0.057519711554050446,0.2778816819190979,4.988898467672698e-07,4.988898467672698e-07,0.27598026394844055,0.001061299699358642,0.1392536759376526,2.038990309927158e-09,0.024830693379044533
876_0.82_0.9.png,41.422332763671875,41.6153678894043,0.19303512573242188,0.9976553320884705,0.9976668357849121,1.150369644165039e-05,0.01726078987121582,0.035694122314453125,none,,False,0.5907280445098877,0.010691406205296516,,,0.9699346423149109,,,,,,,,,,,,,,,,,,,,,,,,,,,,,,,,,,,,,,,,,,,fallback,876_0.82_0.9.png,True,0.5907280445098877,0.010691406205296516,1.4937841892242432,2.06575083732605,0.9699346423149109,0.519349992275238,0.5544119477272034,0.540382981300354,0.1671575903892517,0.004421974066644907,0.0157419852912426,0.008626211434602737,0.4557061791419983,0.48480960726737976,0.4780293405056,0.158617302775383,0.001427307608537376,0.0011953020002692938,0.0005684943753294647,0.36346182227134705,0.2866896390914917,0.26916801929473877,0.08610782027244568,0.9539221525192261,0.9587088227272034,0.009981422685086727,0.9546707272529602,0.9556973576545715,0.004018814768642187,0.9520605206489563,0.9522085785865784,0.0014883159892633557,0.0,0.001411170931532979,0.13011954724788666,0.013937684707343578,0.019758636131882668,0.9501940011978149,0.07163102924823761,0.2766624093055725,5.465876142807247e-07,5.465876142807247e-07,0.26900964975357056,0.001411170931532979,0.13011954724788666,2.2948816180701215e-09,0.024950440973043442
882_0.95_1.36.png,36.28301239013672,36.43355941772461,0.15054702758789062,0.9957904815673828,0.9958043098449707,1.3828277587890625e-05,0.018309593200683594,0.03702139854431152,none,,False,0.7349550724029541,0.013664484024047852,,,0.9986928701400757,,,,,,,,,,,,,,,,,,,,,,,,,,,,,,,,,,,,,,,,,,,fallback,882_0.95_1.36.png,True,0.7349550724029541,0.013664484024047852,1.5009840726852417,2.815263032913208,0.9986928701400757,0.524034857749939,0.5558441281318665,0.5447301864624023,0.16682341694831848,0.004744008649140596,0.01800195686519146,0.00986237358301878,0.45159831643104553,0.4844083786010742,0.4737444221973419,0.15761709213256836,0.0014047628501430154,0.0011626201448962092,0.0005422515678219497,0.24256734549999237,0.24642658233642578,0.29289600253105164,0.06810155510902405,0.9535960555076599,0.9588650465011597,0.013259831815958023,0.9545698165893555,0.9555196166038513,0.0036905158776789904,0.9520671963691711,0.9522149562835693,0.001564577454701066,0.0,0.0006567886448465288,0.05880783498287201,0.003756009740754962,0.014274007640779018,0.949975311756134,0.04528091847896576,0.2151576578617096,8.314054866787046e-07,8.314054866787046e-07,0.29274609684944153,0.0006567886448465288,0.05880783498287201,1.0274094908169218e-09,0.024919627234339714
893_0.65_1.08.png,42.482582092285156,42.743743896484375,0.26116180419921875,0.9986217021942139,0.9986493587493896,2.765655517578125e-05,0.017365455627441406,0.03563833236694336,none,,False,0.48539116978645325,0.035896219313144684,,,0.9973856806755066,,,,,,,,,,,,,,,,,,,,,,,,,,,,,,,,,,,,,,,,,,,fallback,893_0.65_1.08.png,True,0.48539116978645325,0.035896219313144684,1.115900993347168,0.8868874907493591,0.9973856806755066,0.4694960117340088,0.5461969375610352,0.4895848333835602,0.17252543568611145,0.0033538236748427153,0.009754138998687267,0.0048073153011500835,0.40567463636398315,0.4844196140766144,0.4255244731903076,0.15808448195457458,0.0013389717787504196,0.0010900439228862524,0.0004716550756711513,0.36334773898124695,0.16194714605808258,0.2729998230934143,0.04784587025642395,0.9535105228424072,0.9592745900154114,0.009212473407387733,0.9545137286186218,0.9555862545967102,0.0030434145592153072,0.9520624876022339,0.9523001313209534,0.0013923018705099821,0.0,0.0012322739930823445,0.051507819443941116,0.0058189257979393005,0.024070870131254196,0.9502519965171814,0.07696925103664398,0.13785767555236816,1.0047529030998703e-06,1.0047529030998703e-06,0.27275270223617554,0.0012322739930823445,0.051507819443941116,1.8850021543670437e-09,0.02474977634847164
900_0.91_0.72.png,40.93332290649414,40.82979202270508,-0.1035308837890625,0.9984650611877441,0.9984382390975952,-2.682209014892578e-05,0.017305850982666016,0.03556251525878906,none,,False,0.5627357959747314,0.02960304543375969,,,0.9973856806755066,,,,,,,,,,,,,,,,,,,,,,,,,,,,,,,,,,,,,,,,,,,fallback,900_0.91_0.72.png,True,0.5627357959747314,0.02960304543375969,2.3412492275238037,1.8395839929580688,0.9973856806755066,0.5033036470413208,0.5556116104125977,0.5245290994644165,0.16670812666416168,0.0038963076658546925,0.012170453555881977,0.006503951735794544,0.44757309556007385,0.48466095328330994,0.469468355178833,0.1582806408405304,0.001425975700840354,0.001204265863634646,0.000570406555198133,0.46265149116516113,0.2226448953151703,0.23724013566970825,0.05820074304938316,0.9537448287010193,0.961087703704834,0.012067233212292194,0.9546106457710266,0.9556189179420471,0.003706027055159211,0.9520543813705444,0.9522252082824707,0.0014686172362416983,0.0,0.001214797142893076,0.051023226231336594,0.004489876329898834,0.019778694957494736,0.9502384662628174,0.07240327447652817,0.20451004803180695,6.515269319606887e-07,6.515269319606887e-07,0.23697833716869354,0.001214797142893076,0.051023226231336594,1.1773260144565256e-09,0.024457279592752457
901_0.51_1.02.png,37.850868225097656,38.316368103027344,0.4654998779296875,0.9973083734512329,0.9973658919334412,5.751848220825195e-05,0.017743349075317383,0.0358586311340332,none,,False,0.5073147416114807,0.022063590586185455,,,0.960784375667572,,,,,,,,,,,,,,,,,,,,,,,,,,,,,,,,,,,,,,,,,,,fallback,901_0.51_1.02.png,True,0.5073147416114807,0.022063590586185455,1.266685962677002,1.6265608072280884,0.960784375667572,0.5121465921401978,0.5551126599311829,0.5329132080078125,0.16700555384159088,0.004319886676967144,0.015388211235404015,0.008327605202794075,0.4450606405735016,0.4846024811267853,0.46686720848083496,0.1584077626466751,0.0013979366049170494,0.0011477411026135087,0.0005333245499059558,0.31237509846687317,0.24377910792827606,0.2814498543739319,0.08085228502750397,0.9536595344543457,0.9581280946731567,0.011345727369189262,0.9546260833740234,0.9561467170715332,0.0037525242660194635,0.9520661234855652,0.9522895216941833,0.0014851033920422196,0.0,0.0011605400359258056,0.05977910757064819,0.004362749867141247,0.02085467055439949,0.9502628445625305,0.07165996730327606,0.2041880488395691,9.102162721319473e-07,9.102162721319473e-07,0.2811903655529022,0.0011605400359258056,0.05977910757064819,1.564782525775854e-09,0.02450026571750641
903_0.81_0.73.png,40.73806381225586,41.11419677734375,0.3761329650878906,0.9976868629455566,0.9976469278335571,-3.993511199951172e-05,0.01738762855529785,0.03588581085205078,none,,False,0.5761955380439758,0.02340397983789444,,,0.9633986949920654,,,,,,,,,,,,,,,,,,,,,,,,,,,,,,,,,,,,,,,,,,,fallback,903_0.81_0.73.png,True,0.5761955380439758,0.02340397983789444,1.2826577425003052,1.642380952835083,0.9633986949920654,0.511917233467102,0.5548841953277588,0.5326930284500122,0.16705097258090973,0.004308096598833799,0.015318924561142921,0.00830873940140009,0.4451023042201996,0.48461490869522095,0.46691009402275085,0.1584726870059967,0.0013980679214000702,0.0011472110636532307,0.0005347707774490118,0.3461197316646576,0.24091534316539764,0.25218701362609863,0.07411735504865646,0.9537375569343567,0.9584115147590637,0.011432838626205921,0.9546698331832886,0.9563536047935486,0.003918730188161135,0.9520635604858398,0.9522215127944946,0.0015093851834535599,0.0,0.0010770873632282019,0.063601553440094,0.004432091489434242,0.018671385943889618,0.9501994848251343,0.06523115932941437,0.21386227011680603,7.614355581608834e-07,7.614355581608834e-07,0.2519002854824066,0.0010770873632282019,0.063601553440094,1.3776133567233728e-09,0.024571716785430908
904_0.65_1.31.png,38.01710891723633,38.633121490478516,0.6160125732421875,0.9962248802185059,0.9962437152862549,1.8835067749023438e-05,0.018466949462890625,0.036980628967285156,none,,False,0.5872833132743835,0.019273515790700912,,,0.9647058844566345,,,,,,,,,,,,,,,,,,,,,,,,,,,,,,,,,,,,,,,,,,,fallback,904_0.65_1.31.png,True,0.5872833132743835,0.019273515790700912,1.258434534072876,1.610720157623291,0.9647058844566345,0.512617290019989,0.5556307435035706,0.533378541469574,0.16687799990177155,0.004343549720942974,0.015504162758588791,0.008377344347536564,0.4452594220638275,0.4846319854259491,0.4670765995979309,0.15823814272880554,0.0013997812056913972,0.0011538170510903,0.000535957922693342,0.2734576463699341,0.24971485137939453,0.2900124192237854,0.08626963943243027,0.9534605145454407,0.9581775665283203,0.011457739397883415,0.9545702338218689,0.9560168385505676,0.00364981172606349,0.9520659446716309,0.9522678256034851,0.0015225569950416684,0.0,0.0008789061103016138,0.06381896138191223,0.003651997074484825,0.01770702563226223,0.9501436352729797,0.058479659259319305,0.21566709876060486,9.471027055951708e-07,9.471027055951708e-07,0.2897736728191376,0.0008789061103016138,0.06381896138191223,1.2258257742203682e-09,0.024391083046793938
90_0.87_1.71.png,35.3867301940918,35.30540466308594,-0.08132553100585938,0.993506669998169,0.9936660528182983,0.00015938282012939453,0.01746392250061035,0.03555917739868164,none,,False,0.6285596489906311,0.01471888367086649,,,0.9738562107086182,,,,,,,,,,,,,,,,,,,,,,,,,,,,,,,,,,,,,,,,,,,fallback,90_0.87_1.71.png,True,0.6285596489906311,0.01471888367086649,1.823925495147705,2.205031394958496,0.9738562107086182,0.5085971355438232,0.5494557619094849,0.5299007296562195,0.16859935224056244,0.004355274140834808,0.014696583151817322,0.007753861136734486,0.4531406760215759,0.48464322090148926,0.47530466318130493,0.160837784409523,0.0014786465326324105,0.0012855612440034747,0.0006166744278743863,0.2612546682357788,0.2591727375984192,0.3055110275745392,0.09242016822099686,0.9533945918083191,0.9581372141838074,0.013051689602434635,0.954533040523529,0.9556844234466553,0.004291066899895668,0.9520509243011475,0.9522803425788879,0.0015109514351934195,0.0,0.001112277270294726,0.10407871007919312,0.005050388164818287,0.01819644123315811,0.949957013130188,0.060466643422842026,0.23313719034194946,1.2737572205878678e-06,1.2737572205878678e-06,0.3053663969039917,0.001112277270294726,0.10407871007919312,1.8154006076187557e-09,0.024918895214796066
911_0.58_1.46.png,35.427215576171875,35.65166473388672,0.22444915771484375,0.9976431727409363,0.9976317882537842,-1.138448715209961e-05,0.019144296646118164,0.0355987548828125,none,,False,0.5321847200393677,0.02639407478272915,,,0.9895424842834473,,,,,,,,,,,,,,,,,,,,,,,,,,,,,,,,,,,,,,,,,,,fallback,911_0.58_1.46.png,True,0.5321847200393677,0.02639407478272915,1.2909801006317139,1.2421396970748901,0.9895424842834473,0.5082569718360901,0.55398029088974,0.5292251706123352,0.16727007925510406,0.0038485517725348473,0.012801765464246273,0.00689424155279994,0.4451307952404022,0.48458853363990784,0.46692925691604614,0.15876492857933044,0.0013782649766653776,0.0011055672075599432,0.0005101911374367774,0.29538416862487793,0.23643958568572998,0.29301509261131287,0.07860170304775238,0.9538225531578064,0.9603481292724609,0.011035026051104069,0.9546101093292236,0.9558305740356445,0.0032946341671049595,0.9520626664161682,0.9523310661315918,0.0014193183742463589,0.0,0.0011656413553282619,0.05512445420026779,0.0043974206782877445,0.021689465269446373,0.9502592086791992,0.07474993914365768,0.1863664984703064,8.411914222961059e-07,8.411914222961059e-07,0.292755663394928,0.0011656413553282619,0.05512445420026779,1.4826159189240684e-09,0.024988068267703056
912_0.76_1.92.png,32.773380279541016,32.943851470947266,0.17047119140625,0.9952542185783386,0.9952220320701599,-3.218650817871094e-05,0.017220497131347656,0.037355899810791016,none,,False,0.656481146812439,0.022576771676540375,,,0.9947712421417236,,,,,,,,,,,,,,,,,,,,,,,,,,,,,,,,,,,,,,,,,,,fallback,912_0.76_1.92.png,True,0.656481146812439,0.022576771676540375,1.2537261247634888,1.2043687105178833,0.9947712421417236,0.5086760520935059,0.5538511872291565,0.5296568274497986,0.1673000603914261,0.0038334198761731386,0.012734569609165192,0.00683033699169755,0.44567736983299255,0.4846682548522949,0.46750277280807495,0.15880541503429413,0.0013765302719548345,0.0011011749738827348,0.0005100941634736955,0.25336647033691406,0.22534403204917908,0.2962963581085205,0.0782027393579483,0.953582227230072,0.9603740572929382,0.01097180787473917,0.9545453190803528,0.9559097290039062,0.0032241714652627707,0.9520598649978638,0.9522572159767151,0.0014526569284498692,0.0,0.0007043009391054511,0.05322237312793732,0.003651997074484825,0.016688106581568718,0.9500735402107239,0.05455199256539345,0.16553620994091034,8.61199623614084e-07,8.61199623614084e-07,0.29607445001602173,0.0007043009391054511,0.05322237312793732,1.0164779018495551e-09,0.024979708716273308
915_0.64_1.08.png,36.804534912109375,36.6646728515625,-0.139862060546875,0.9971413612365723,0.9970712065696716,-7.015466690063477e-05,0.018100738525390625,0.0355074405670166,none,,False,0.60173100233078,0.01135677844285965,,,0.9843137264251709,,,,,,,,,,,,,,,,,,,,,,,,,,,,,,,,,,,,,,,,,,,fallback,915_0.64_1.08.png,True,0.60173100233078,0.01135677844285965,1.6417750120162964,2.470107078552246,0.9843137264251709,0.5249348282814026,0.5560985803604126,0.5459896922111511,0.1667681336402893,0.004633256699889898,0.016912953928112984,0.009332138113677502,0.4600873589515686,0.48459139466285706,0.4826306700706482,0.15808624029159546,0.0014404391404241323,0.0012150976108387113,0.0005825975676998496,0.39388948678970337,0.311406672000885,0.2596346139907837,0.10047789663076401,0.9542613625526428,0.9590497612953186,0.011524439789354801,0.9547094106674194,0.9558361172676086,0.004336064215749502,0.9520601630210876,0.9522214531898499,0.0015225420938804746,0.0,0.0015579155879095197,0.09999917447566986,0.013758552260696888,0.019100863486528397,0.9502568244934082,0.07549389451742172,0.2906240224838257,6.362121780512098e-07,6.362121780512098e-07,0.25946590304374695,0.0015579155879095197,0.09999917447566986,2.7084117171227717e-09,0.024695642292499542
928_0.52_1.15.png,37.96896743774414,37.86566925048828,-0.10329818725585938,0.997454822063446,0.9973649978637695,-8.982419967651367e-05,0.017441987991333008,0.03693437576293945,none,,False,0.5135459899902344,0.0327930822968483,,,0.9934641122817993,,,,,,,,,,,,,,,,,,,,,,,,,,,,,,,,,,,,,,,,,,,fallback,928_0.52_1.15.png,True,0.5135459899902344,0.0327930822968483,1.4320685863494873,1.563005805015564,0.9934641122817993,0.4948003590106964,0.5510003566741943,0.5152926445007324,0.17005644738674164,0.004024858586490154,0.013802232220768929,0.007114554289728403,0.4367629885673523,0.48454612493515015,0.45814764499664307,0.159823939204216,0.0013870637631043792,0.001121383160352707,0.0005210661329329014,0.3752627372741699,0.2249344140291214,0.2693237066268921,0.07155250757932663,0.9539588093757629,0.9586310982704163,0.012133979238569736,0.9546459913253784,0.9555932879447937,0.004050215240567923,0.9520615935325623,0.9522399306297302,0.0014397106133401394,0.0,0.0016299267299473286,0.08748114109039307,0.01019323244690895,0.022551672533154488,0.950272262096405,0.08150839060544968,0.2528822124004364,8.720257369532192e-07,8.720257369532192e-07,0.2690940201282501,0.0016299267299473286,0.08748114109039307,2.455171177473403e-09,0.024997223168611526
929_0.67_0.83.png,37.381614685058594,37.30632019042969,-0.07529449462890625,0.9977278709411621,0.9977174997329712,-1.0371208190917969e-05,0.017238855361938477,0.03564882278442383,none,,False,0.532476544380188,0.021002110093832016,,,0.9660131335258484,,,,,,,,,,,,,,,,,,,,,,,,,,,,,,,,,,,,,,,,,,,fallback,929_0.67_0.83.png,True,0.532476544380188,0.021002110093832016,1.2450698614120483,1.5239460468292236,0.9660131335258484,0.5183494091033936,0.5549004077911377,0.5392223000526428,0.1670411080121994,0.004191874992102385,0.015197347849607468,0.008302954956889153,0.4505291283130646,0.4838566184043884,0.4726097881793976,0.1584593653678894,0.0013713258085772395,0.0010695410892367363,0.0005003135884180665,0.3757501542568207,0.21688023209571838,0.27607855200767517,0.0635293647646904,0.9541078805923462,0.9596163034439087,0.009815143421292305,0.9547211527824402,0.9557979106903076,0.0037256430368870497,0.9520647525787354,0.9522504210472107,0.0014506387524306774,0.0,0.0012776011135429144,0.06484561413526535,0.005067723803222179,0.02040713280439377,0.9502518773078918,0.07313331961631775,0.2333817481994629,6.988605605329212e-07,6.988605605329212e-07,0.2758873403072357,0.0012776011135429144,0.06484561413526535,1.5668021324799497e-09,0.024981116876006126
930_0.67_0.65.png,38.79111862182617,38.76287841796875,-0.028240203857421875,0.9984015226364136,0.9983986616134644,-2.86102294921875e-06,0.017467975616455078,0.03563666343688965,none,,False,0.5222377181053162,0.022437218576669693,,,0.97124183177948,,,,,,,,,,,,,,,,,,,,,,,,,,,,,,,,,,,,,,,,,,,fallback,930_0.67_0.65.png,True,0.5222377181053162,0.022437218576669693,1.2534456253051758,1.5419821739196777,0.97124183177948,0.5184215903282166,0.5549428462982178,0.5392887592315674,0.16703426837921143,0.004198222886770964,0.015235215425491333,0.008343950845301151,0.45050668716430664,0.4839682877063751,0.4725867211818695,0.15845023095607758,0.001371249440126121,0.0010697622783482075,0.0005015391507185996,0.41414299607276917,0.2129448503255844,0.2649095952510834,0.06116386502981186,0.9542462229728699,0.9595441222190857,0.010401591658592224,0.9547346830368042,0.9558033347129822,0.0038554398342967033,0.9520643949508667,0.9522396922111511,0.001449098577722907,0.0,0.0013988780556246638,0.06488652527332306,0.00539131835103035,0.020967278629541397,0.9502829909324646,0.07733581215143204,0.23431944847106934,7.044625931484916e-07,7.044625931484916e-07,0.26470208168029785,0.0013988780556246638,0.06488652527332306,1.6723722406908337e-09,0.02498776838183403
934_0.9_1.4.png,38.93068313598633,38.81584548950195,-0.114837646484375,0.9936758875846863,0.9936754703521729,-4.172325134277344e-07,0.01742720603942871,0.035994529724121094,none,,False,0.6271239519119263,0.007408046629279852,,,0.9738562107086182,,,,,,,,,,,,,,,,,,,,,,,,,,,,,,,,,,,,,,,,,,,fallback,934_0.9_1.4.png,True,0.6271239519119263,0.007408046629279852,1.8026628494262695,2.263401508331299,0.9738562107086182,0.5185272693634033,0.5543221235275269,0.5395893454551697,0.16713619232177734,0.0042649065144360065,0.015103665180504322,0.008194067515432835,0.4556748867034912,0.48418858647346497,0.47799625992774963,0.15895427763462067,0.001406606286764145,0.0011404257966205478,0.0005426862626336515,0.2985878586769104,0.2525857388973236,0.26115861535072327,0.0575108602643013,0.9535144567489624,0.9579928517341614,0.010048288851976395,0.954551100730896,0.9557040333747864,0.003895657602697611,0.9520661234855652,0.9522125720977783,0.0015672135632485151,0.0,0.0010829941602423787,0.0916665717959404,0.007009292021393776,0.017544247210025787,0.9500877857208252,0.056587621569633484,0.2562377452850342,7.545599487457366e-07,7.545599487457366e-07,0.2610248327255249,0.0010829941602423787,0.0916665717959404,1.8113758271098845e-09,0.02481415495276451
947_0.83_0.56.png,39.929779052734375,39.9450569152832,0.015277862548828125,0.9977468848228455,0.9977655410766602,1.8656253814697266e-05,0.018249988555908203,0.03552818298339844,none,,False,0.4639708399772644,0.03110308200120926,,,0.9908496737480164,,,,,,,,,,,,,,,,,,,,,,,,,,,,,,,,,,,,,,,,,,,fallback,947_0.83_0.56.png,True,0.4639708399772644,0.03110308200120926,2.338899850845337,1.560855746269226,0.9908496737480164,0.4908333420753479,0.5471010208129883,0.512803316116333,0.16838550567626953,0.004493613261729479,0.013038618490099907,0.00685950368642807,0.4569777548313141,0.48464420437812805,0.47925734519958496,0.15839263796806335,0.0016572754830121994,0.001685385243035853,0.0008168083732016385,0.5399070382118225,0.21841926872730255,0.2394898384809494,0.06558291614055634,0.9541152715682983,0.9611090421676636,0.01459005381911993,0.9546452760696411,0.9560165405273438,0.004403433296829462,0.9520363211631775,0.9522339701652527,0.0014971251366659999,0.0,0.002268002601340413,0.08946485072374344,0.01103111170232296,0.02735222689807415,0.9503998160362244,0.10397310554981232,0.2454483062028885,5.767068955719878e-07,5.767068955719878e-07,0.23916102945804596,0.002268002601340413,0.08946485072374344,2.9073259355527625e-09,0.024947533383965492
953_0.95_0.84.png,32.66031265258789,32.95465850830078,0.2943458557128906,0.9972070455551147,0.9972690343856812,6.198883056640625e-05,0.017271757125854492,0.03728365898132324,none,,False,0.6325013637542725,0.013382704928517342,,,0.960784375667572,,,,,,,,,,,,,,,,,,,,,,,,,,,,,,,,,,,,,,,,,,,fallback,953_0.95_0.84.png,True,0.6325013637542725,0.013382704928517342,1.0161429643630981,1.3580409288406372,0.960784375667572,0.5213844180107117,0.5552544593811035,0.542351245880127,0.16696162521839142,0.004240871872752905,0.014958367682993412,0.008308572694659233,0.45487451553344727,0.48488980531692505,0.47716695070266724,0.15835033357143402,0.001392098143696785,0.0011259299935773015,0.000536964857019484,0.2796100080013275,0.22323103249073029,0.24887895584106445,0.06934671849012375,0.9537630677223206,0.9590117335319519,0.011879175901412964,0.9545838236808777,0.9556856155395508,0.0037910642568022013,0.9520638585090637,0.9522088766098022,0.0015328223817050457,0.0,0.0010315111139789224,0.12217139452695847,0.011730306781828403,0.01731669344007969,0.9500851035118103,0.05722048133611679,0.25693610310554504,6.846542532912281e-07,6.846542532912281e-07,0.2486966848373413,0.0010315111139789224,0.12217139452695847,1.632234236659258e-09,0.023990053683519363
954_0.92_1.72.png,31.560527801513672,31.651206970214844,0.09067916870117188,0.9918931722640991,0.9918786883354187,-1.4483928680419922e-05,0.01943349838256836,0.035578250885009766,none,,False,0.7427855730056763,0.009191601537168026,,,0.9673203229904175,,,,,,,,,,,,,,,,,,,,,,,,,,,,,,,,,,,,,,,,,,,fallback,954_0.92_1.72.png,True,0.7427855730056763,0.009191601537168026,0.9271289706230164,1.2625396251678467,0.9673203229904175,0.5223360061645508,0.5556389689445496,0.5432733297348022,0.1668676882982254,0.004268416203558445,0.01518350001424551,0.008387877605855465,0.4547083079814911,0.4844765067100525,0.4769956171512604,0.15822270512580872,0.0013889252441003919,0.001119924709200859,0.000533893471583724,0.17884045839309692,0.2106790691614151,0.279124915599823,0.07242363691329956,0.9533560872077942,0.9585971832275391,0.011866213753819466,0.9544174671173096,0.9556929469108582,0.003961519338190556,0.9520663022994995,0.9522266387939453,0.0016104887472465634,0.0,0.0006288706790655851,0.11807852238416672,0.008234328590333462,0.013566887937486172,0.9499064683914185,0.040033381432294846,0.24852867424488068,8.204551136259397e-07,8.204551136259397e-07,0.2789813280105591,0.0006288706790655851,0.11807852238416672,1.2542967775530656e-09,0.02339085564017296
959_0.76_1.95.png,38.712154388427734,38.87370681762695,0.16155242919921875,0.9954462051391602,0.9955536127090454,0.0001074075698852539,0.017281532287597656,0.03568696975708008,none,,False,0.6097800731658936,0.01213916763663292,,,0.9241830706596375,,,,,,,,,,,,,,,,,,,,,,,,,,,,,,,,,,,,,,,,,,,fallback,959_0.76_1.95.png,True,0.6097800731658936,0.01213916763663292,1.7651050090789795,1.5675185918807983,0.9241830706596375,0.5213945508003235,0.5539393424987793,0.5422191023826599,0.1673332154750824,0.0037860588636249304,0.014008826576173306,0.007552645169198513,0.4529379606246948,0.4818907082080841,0.47514840960502625,0.1590423732995987,0.0012925085611641407,0.0008763554506003857,0.00041507536661811173,0.318661093711853,0.2645905911922455,0.30358007550239563,0.08638259023427963,0.9534191489219666,0.9577943086624146,0.010756311006844044,0.9544962048530579,0.9555750489234924,0.003257139353081584,0.9520754814147949,0.9522292017936707,0.0015326610300689936,0.0,0.0007046484388411045,0.06926468759775162,0.0027852256316691637,0.016512135043740273,0.9501002430915833,0.05267249420285225,0.2206035703420639,1.4070966471990687e-06,1.4070966471990687e-06,0.30344629287719727,0.0007046484388411045,0.06926468759775162,8.856439470683597e-10,0.024759648367762566
960_0.9_0.94.png,42.166259765625,42.19109344482422,0.02483367919921875,0.9982897043228149,0.9982559680938721,-3.3736228942871094e-05,0.017392396926879883,0.03675222396850586,none,,False,0.5684947967529297,0.017902567982673645,,,0.9790849685668945,,,,,,,,,,,,,,,,,,,,,,,,,,,,,,,,,,,,,,,,,,,fallback,960_0.9_0.94.png,True,0.5684947967529297,0.017902567982673645,1.7511018514633179,1.5712716579437256,0.9790849685668945,0.5210660696029663,0.5539288520812988,0.5418629050254822,0.16921170055866241,0.0037987101823091507,0.014102919027209282,0.007675225846469402,0.4523333013057709,0.4835374653339386,0.47451484203338623,0.15971983969211578,0.001291460357606411,0.0008743388461880386,0.00041662840521894395,0.4679481089115143,0.2625739872455597,0.2662327289581299,0.07366058230400085,0.9537933468818665,0.9583125710487366,0.010965706780552864,0.9546282291412354,0.9556429386138916,0.0033313389867544174,0.9520720839500427,0.9522163271903992,0.0014836989575996995,0.0,0.0009622440556995571,0.0772443488240242,0.004183616954833269,0.01811355911195278,0.9501913785934448,0.06379722058773041,0.23632502555847168,9.502603006694699e-07,9.502603006694699e-07,0.2660562992095947,0.0009622440556995571,0.0772443488240242,1.1300977931227862e-09,0.024293312802910805
963_0.81_0.99.png,37.921878814697266,38.30879592895508,0.3869171142578125,0.9978913068771362,0.9979662299156189,7.492303848266602e-05,0.017277240753173828,0.03559088706970215,none,,False,0.5798901915550232,0.026779398322105408,,,0.9986928701400757,,,,,,,,,,,,,,,,,,,,,,,,,,,,,,,,,,,,,,,,,,,fallback,963_0.81_0.99.png,True,0.5798901915550232,0.026779398322105408,2.407533645629883,2.2516589164733887,0.9986928701400757,0.5069062113761902,0.5531536340713501,0.5281342267990112,0.1789286881685257,0.004060025792568922,0.01338870543986559,0.007067033555358648,0.4529353082180023,0.4847103953361511,0.475093275308609,0.16967178881168365,0.0014404283137992024,0.00120829907245934,0.0005784512031823397,0.3680151700973511,0.23061595857143402,0.2365114837884903,0.05453749746084213,0.9535683393478394,0.9580196738243103,0.010845192708075047,0.95452880859375,0.9556015729904175,0.0037057201843708754,0.9520584940910339,0.9522270560264587,0.0015342563856393099,0.0,0.0013147253775969148,0.10146144032478333,0.01613350585103035,0.018829215317964554,0.9501817226409912,0.06586563587188721,0.2873438596725464,7.773878678563051e-07,7.773878678563051e-07,0.2362797111272812,0.0013147253775969148,0.10146144032478333,2.039238111706254e-09,0.02471916936337948
964_0.64_1.71.png,36.720191955566406,36.77998352050781,0.05979156494140625,0.9966692328453064,0.9965717196464539,-9.751319885253906e-05,0.01739358901977539,0.03727388381958008,none,,False,0.6617329716682434,0.019745277240872383,,,0.9973856806755066,,,,,,,,,,,,,,,,,,,,,,,,,,,,,,,,,,,,,,,,,,,fallback,964_0.64_1.71.png,True,0.6617329716682434,0.019745277240872383,2.3452022075653076,2.2368052005767822,0.9973856806755066,0.5073981285095215,0.5534946322441101,0.5285991430282593,0.1808415949344635,0.004093553405255079,0.01362308394163847,0.007142327260226011,0.45279553532600403,0.48471665382385254,0.4749486744403839,0.17029525339603424,0.0014392049051821232,0.0012059834552928805,0.0005779802449978888,0.27220940589904785,0.24558500945568085,0.2557629942893982,0.07317445427179337,0.953320324420929,0.9577138423919678,0.00991528108716011,0.9544321298599243,0.9554145932197571,0.0038112481124699116,0.9520619511604309,0.9522334337234497,0.0015952398534864187,0.0,0.0009222293738275766,0.09218128770589828,0.008315227925777435,0.015583793632686138,0.9500693678855896,0.0515570230782032,0.2682284116744995,9.78561047304538e-07,9.78561047304538e-07,0.25556743144989014,0.0009222293738275766,0.09218128770589828,1.527052040373178e-09,0.024386774748563766
972_0.52_0.9.png,36.21281051635742,35.827110290527344,-0.3857002258300781,0.9916676878929138,0.9910598993301392,-0.0006077885627746582,0.017328500747680664,0.0356447696685791,none,,False,0.5124094486236572,0.010491559281945229,,,0.9594771265983582,,,,,,,,,,,,,,,,,,,,,,,,,,,,,,,,,,,,,,,,,,,fallback,972_0.52_0.9.png,True,0.5124094486236572,0.010491559281945229,1.3110443353652954,1.5880749225616455,0.9594771265983582,0.5134612917900085,0.5515211820602417,0.5343999266624451,0.16801516711711884,0.003944308962672949,0.013319212943315506,0.007243129890412092,0.44944366812705994,0.48343926668167114,0.4714621901512146,0.1597369760274887,0.0013649672036990523,0.0010753541719168425,0.000505914562381804,0.38216283917427063,0.24456466734409332,0.24626311659812927,0.07023821026086807,0.9539067149162292,0.9593328833580017,0.008686152286827564,0.9546723961830139,0.9555771946907043,0.0035965407732874155,0.9520640969276428,0.9522702693939209,0.0014478402445092797,0.0,0.0014734120341017842,0.12701331079006195,0.01461376715451479,0.022277848795056343,0.9502723217010498,0.07998747378587723,0.30596163868904114,6.59374677525193e-07,6.59374677525193e-07,0.24606098234653473,0.0014734120341017842,0.12701331079006195,1.364813262405562e-09,0.02458619326353073
986_0.7_1.11.png,38.27140426635742,38.000221252441406,-0.2711830139160156,0.9966917037963867,0.9964370131492615,-0.00025469064712524414,0.017406702041625977,0.03600430488586426,none,,False,0.5148887038230896,0.015508023090660572,,,0.983006477355957,,,,,,,,,,,,,,,,,,,,,,,,,,,,,,,,,,,,,,,,,,,fallback,986_0.7_1.11.png,True,0.5148887038230896,0.015508023090660572,1.5016249418258667,1.4835553169250488,0.983006477355957,0.49268874526023865,0.5529903769493103,0.5132994651794434,0.16767513751983643,0.003937979694455862,0.012873969040811062,0.006674539297819138,0.4333457350730896,0.48465898633003235,0.45455390214920044,0.1592159867286682,0.001405596500262618,0.0011714278953149915,0.0005338605842553079,0.43480411171913147,0.24686333537101746,0.21377058327198029,0.06859336793422699,0.9538131952285767,0.9594675898551941,0.009359749034047127,0.9545602202415466,0.9556207656860352,0.0032454931642860174,0.9520621299743652,0.9523151516914368,0.001485119923017919,0.0,0.001776385586708784,0.09247558563947678,0.008297892287373543,0.02370000258088112,0.950252890586853,0.08583042770624161,0.2462158352136612,6.81526103107899e-07,6.81526103107899e-07,0.21356485784053802,0.001776385586708784,0.09247558563947678,1.7679707697837443e-09,0.024780403822660446
992_0.7_0.95.png,36.73550033569336,37.105567932128906,0.3700675964355469,0.9973003268241882,0.9972456693649292,-5.46574592590332e-05,0.01733565330505371,0.035701751708984375,none,,False,0.5300337672233582,0.021864313632249832,,,0.9947712421417236,,,,,,,,,,,,,,,,,,,,,,,,,,,,,,,,,,,,,,,,,,,fallback,992_0.7_0.95.png,True,0.5300337672233582,0.021864313632249832,1.4671714305877686,1.3105777502059937,0.9947712421417236,0.4983203113079071,0.5485548377037048,0.5198813676834106,0.16911865770816803,0.004280155524611473,0.013015136122703552,0.006911809556186199,0.45111510157585144,0.48442816734313965,0.4731493294239044,0.16112536191940308,0.0015440215356647968,0.0014628847129642963,0.0006902600289322436,0.398738294839859,0.2900906801223755,0.2642676532268524,0.09711261838674545,0.9540717601776123,0.9606499075889587,0.013031729497015476,0.9546346664428711,0.9554998278617859,0.003777732839807868,0.9520471692085266,0.9522524476051331,0.0014502456178888679,0.0,0.002295156940817833,0.08720257133245468,0.012198363430798054,0.025789842009544373,0.9503298401832581,0.09589006751775742,0.25472497940063477,6.247180408536224e-07,6.247180408536224e-07,0.2640226185321808,0.002295156940817833,0.08720257133245468,2.4663950881631536e-09,0.024990752339363098
995_0.77_1.16.png,37.92866516113281,37.79377746582031,-0.1348876953125,0.9979442954063416,0.9979437589645386,-5.364418029785156e-07,0.017223834991455078,0.03648042678833008,none,,False,0.7410463690757751,0.012590475380420685,,,0.9908496737480164,,,,,,,,,,,,,,,,,,,,,,,,,,,,,,,,,,,,,,,,,,,fallback,995_0.77_1.16.png,True,0.7410463690757751,0.012590475380420685,1.5152310132980347,2.109593629837036,0.9908496737480164,0.5225438475608826,0.5547863245010376,0.5437809228897095,0.16707319021224976,0.004584129434078932,0.016274139285087585,0.008976206183433533,0.4627578556537628,0.4846143424510956,0.48541685938835144,0.15850099921226501,0.0014673375990241766,0.0012613063445314765,0.0006063265609554946,0.28707894682884216,0.30357441306114197,0.2748755216598511,0.07650357484817505,0.9543046355247498,0.9591879844665527,0.01335946936160326,0.9545947313308716,0.9556483626365662,0.004142334684729576,0.9520596265792847,0.9522266387939453,0.0015310829039663076,0.0,0.0008773613371886313,0.08419536799192429,0.0044552055187523365,0.015308566391468048,0.9501165747642517,0.052982524037361145,0.2330370545387268,6.319237400020938e-07,6.319237400020938e-07,0.274728924036026,0.0008773613371886313,0.08419536799192429,1.625219070433559e-09,0.024290870875120163
